[252, 128, 126, 101, 0, 0, 0, 0, 127, 127, 0, 127, 253, 13, 0]
[252, 128, 126, 101, 0, 0, 0, 0, 127, 127, 0, 127, 46, 14, 0]
[252, 128, 126, 101, 0, 0, 0, 0, 127, 127, 0, 127, 96, 14, 0]
[252, 128, 126, 101, 0, 0, 0, 0, 127, 127, 0, 127, 146, 14, 0]
[252, 128, 127, 101, 0, 0, 0, 0, 127, 127, 0, 127, 196, 14, 0]
[252, 128, 127, 101, 0, 0, 0, 0, 127, 127, 0, 127, 246, 14, 0]
[252, 128, 127, 101, 0, 0, 0, 0, 127, 127, 0, 127, 40, 15, 0]
[252, 128, 127, 101, 0, 0, 0, 0, 127, 127, 0, 127, 90, 15, 0]
[252, 128, 127, 101, 0, 0, 0, 0, 127, 127, 0, 127, 140, 15, 0]
[252, 128, 127, 101, 0, 0, 0, 0, 127, 127, 0, 127, 190, 15, 0]
[252, 128, 127, 101, 0, 0, 0, 0, 127, 127, 0, 127, 240, 15, 0]
[252, 128, 127, 101, 0, 0, 0, 0, 127, 127, 0, 127, 34, 16, 0]
[252, 128, 127, 101, 0, 0, 0, 0, 127, 127, 0, 127, 84, 16, 0]
[252, 128, 127, 101, 0, 0, 0, 0, 127, 127, 0, 127, 134, 16, 0]
[252, 128, 127, 101, 0, 0, 0, 0, 127, 127, 0, 127, 184, 16, 0]
[252, 128, 127, 101, 0, 0, 0, 0, 127, 127, 0, 127, 234, 16, 0]
[252, 128, 127, 101, 0, 0, 0, 0, 127, 127, 0, 127, 28, 17, 0]
[252, 128, 127, 101, 0, 0, 0, 0, 127, 127, 0, 127, 78, 17, 0]
[252, 128, 127, 101, 0, 0, 0, 0, 127, 127, 0, 127, 128, 17, 0]
[252, 128, 127, 101, 0, 0, 0, 0, 127, 127, 0, 127, 178, 17, 0]
[252, 128, 127, 101, 0, 0, 0, 0, 127, 127, 0, 127, 228, 17, 0]
[252, 128, 127, 101, 0, 0, 0, 0, 127, 127, 0, 127, 22, 18, 0]
[252, 128, 127, 101, 0, 0, 0, 0, 127, 127, 0, 127, 72, 18, 0]
[252, 128, 126, 101, 0, 0, 0, 0, 127, 127, 0, 127, 122, 18, 0]
[252, 128, 127, 101, 0, 0, 0, 0, 127, 127, 0, 127, 172, 18, 0]
[252, 128, 127, 101, 0, 0, 0, 0, 127, 127, 0, 127, 222, 18, 0]
[252, 128, 127, 101, 0, 0, 0, 0, 127, 127, 0, 127, 16, 19, 0]
[252, 128, 127, 101, 0, 0, 0, 0, 127, 127, 0, 127, 66, 19, 0]
[252, 128, 127, 101, 0, 0, 0, 0, 127, 127, 0, 127, 116, 19, 0]
[252, 128, 126, 101, 0, 0, 0, 0, 127, 127, 0, 127, 166, 19, 0]
[252, 128, 127, 101, 0, 0, 0, 0, 127, 127, 0, 127, 216, 19, 0]
[252, 128, 127, 101, 0, 0, 0, 0, 127, 127, 0, 127, 10, 20, 0]
[252, 128, 127, 102, 0, 0, 0, 0, 127, 127, 0, 127, 60, 20, 0]
[252, 128, 127, 102, 0, 0, 0, 0, 127, 127, 0, 127, 110, 20, 0]
[252, 128, 127, 102, 0, 0, 0, 0, 127, 127, 0, 127, 160, 20, 0]
[252, 128, 127, 102, 0, 0, 0, 0, 127, 127, 0, 127, 210, 20, 0]
[252, 128, 127, 102, 0, 0, 0, 0, 127, 127, 0, 127, 4, 21, 0]
[252, 128, 127, 102, 0, 0, 0, 0, 127, 127, 0, 127, 54, 21, 0]
[252, 128, 127, 102, 0, 0, 0, 0, 127, 127, 0, 127, 104, 21, 0]
[252, 128, 127, 102, 0, 0, 0, 0, 127, 127, 0, 127, 154, 21, 0]
[252, 128, 127, 102, 0, 0, 0, 0, 127, 127, 0, 127, 204, 21, 0]
[252, 128, 127, 102, 0, 0, 0, 0, 127, 127, 0, 127, 254, 21, 0]
[252, 127, 127, 102, 0, 0, 0, 0, 127, 127, 0, 127, 48, 22, 0]
[252, 128, 127, 102, 0, 0, 0, 0, 127, 127, 0, 127, 98, 22, 0]
[252, 128, 127, 102, 0, 0, 0, 0, 127, 127, 0, 127, 148, 22, 0]
[252, 128, 127, 102, 0, 0, 0, 0, 127, 127, 0, 127, 198, 22, 0]
[252, 128, 126, 102, 0, 0, 0, 0, 127, 127, 0, 127, 248, 22, 0]
[252, 128, 126, 102, 0, 0, 0, 0, 127, 127, 0, 127, 42, 23, 0]
[252, 128, 126, 102, 0, 0, 0, 0, 127, 127, 0, 127, 92, 23, 0]
[252, 128, 126, 102, 0, 0, 0, 0, 127, 127, 0, 127, 142, 23, 0]
[252, 128, 126, 102, 0, 0, 0, 0, 127, 127, 0, 127, 192, 23, 0]
[252, 128, 126, 102, 0, 0, 0, 0, 127, 127, 0, 127, 242, 23, 0]
[2, 127, 127, 152, 0, 0, 0, 0, 127, 127, 0, 127, 36, 24, 0]
[252, 127, 127, 101, 0, 0, 0, 0, 127, 127, 0, 127, 86, 24, 0]
[252, 128, 127, 100, 0, 0, 0, 0, 127, 127, 0, 127, 136, 24, 0]
[251, 128, 127, 99, 0, 0, 0, 0, 127, 127, 0, 127, 186, 24, 0]
[251, 128, 127, 99, 0, 0, 0, 0, 127, 127, 0, 127, 236, 24, 0]
[251, 128, 126, 99, 0, 0, 0, 0, 127, 127, 0, 127, 30, 25, 0]
[251, 128, 126, 99, 0, 0, 0, 0, 127, 127, 0, 127, 80, 25, 0]
[251, 128, 126, 99, 0, 0, 0, 0, 127, 127, 0, 127, 130, 25, 0]
[251, 128, 126, 99, 0, 0, 0, 0, 127, 127, 0, 127, 180, 25, 0]
[251, 128, 126, 99, 0, 0, 0, 0, 127, 127, 0, 127, 230, 25, 0]
[251, 128, 127, 99, 0, 0, 0, 0, 127, 127, 0, 127, 24, 26, 0]
[251, 128, 126, 98, 0, 0, 0, 0, 127, 127, 0, 127, 74, 26, 0]
[251, 128, 126, 99, 0, 0, 0, 0, 127, 127, 0, 127, 124, 26, 0]
[251, 128, 126, 99, 0, 0, 0, 0, 127, 127, 0, 127, 174, 26, 0]
[251, 127, 126, 99, 0, 0, 0, 0, 127, 127, 0, 127, 224, 26, 0]
[251, 127, 125, 99, 0, 0, 0, 0, 127, 127, 0, 127, 18, 27, 0]
[252, 127, 125, 100, 0, 0, 0, 0, 127, 127, 0, 127, 68, 27, 0]
[251, 128, 125, 100, 0, 0, 0, 0, 127, 127, 0, 127, 118, 27, 0]
[251, 129, 124, 99, 0, 0, 0, 0, 127, 127, 0, 127, 168, 27, 0]
[251, 130, 122, 99, 0, 0, 0, 0, 127, 127, 0, 127, 218, 27, 0]
[251, 131, 121, 99, 0, 0, 0, 0, 127, 127, 0, 127, 12, 28, 0]
[251, 131, 121, 99, 0, 0, 0, 0, 127, 127, 0, 127, 62, 28, 0]
[251, 130, 122, 99, 0, 0, 0, 0, 127, 127, 0, 127, 112, 28, 0]
[251, 128, 124, 100, 0, 0, 0, 0, 127, 127, 0, 127, 162, 28, 0]
[252, 127, 125, 100, 0, 0, 0, 0, 127, 127, 0, 127, 212, 28, 0]
[252, 127, 126, 101, 0, 0, 0, 0, 127, 127, 0, 127, 6, 29, 0]
[252, 127, 127, 101, 0, 0, 0, 0, 127, 127, 0, 127, 56, 29, 0]
[252, 127, 127, 101, 0, 0, 0, 0, 127, 127, 0, 127, 106, 29, 0]
[2, 128, 126, 152, 0, 0, 0, 0, 127, 127, 0, 127, 156, 29, 0]
[2, 128, 125, 152, 0, 0, 0, 0, 127, 127, 0, 127, 206, 29, 0]
[2, 129, 124, 152, 0, 0, 0, 0, 127, 127, 0, 127, 0, 30, 0]
[2, 129, 123, 152, 0, 0, 0, 0, 127, 127, 0, 127, 50, 30, 0]
[2, 129, 123, 152, 0, 0, 0, 0, 127, 127, 0, 127, 100, 30, 0]
[2, 128, 123, 153, 0, 0, 0, 0, 127, 127, 0, 127, 150, 30, 0]
[2, 128, 124, 152, 0, 0, 0, 0, 127, 127, 0, 127, 200, 30, 0]
[2, 128, 124, 152, 0, 0, 0, 0, 127, 127, 0, 127, 250, 30, 0]
[2, 128, 124, 152, 0, 0, 0, 0, 127, 127, 0, 127, 44, 31, 0]
[2, 128, 124, 152, 0, 0, 0, 0, 127, 127, 0, 127, 94, 31, 0]
[2, 128, 124, 152, 0, 0, 0, 0, 127, 127, 0, 127, 144, 31, 0]
[2, 128, 124, 153, 0, 0, 0, 0, 127, 127, 0, 127, 194, 31, 0]
[2, 127, 125, 153, 0, 0, 0, 0, 127, 127, 0, 127, 244, 31, 0]
[2, 127, 125, 153, 0, 0, 0, 0, 127, 127, 0, 127, 38, 32, 0]
[2, 128, 125, 153, 0, 0, 0, 0, 127, 127, 0, 127, 88, 32, 0]
[2, 128, 125, 153, 0, 0, 0, 0, 127, 127, 0, 127, 138, 32, 0]
[2, 128, 126, 153, 0, 0, 0, 0, 127, 127, 0, 127, 188, 32, 0]
[2, 128, 126, 154, 0, 0, 0, 0, 127, 127, 0, 127, 238, 32, 0]
[2, 127, 127, 154, 0, 0, 0, 0, 127, 127, 0, 127, 32, 33, 0]
[2, 127, 127, 154, 0, 0, 0, 0, 127, 127, 0, 127, 82, 33, 0]
[2, 127, 127, 154, 0, 0, 0, 0, 127, 127, 0, 127, 132, 33, 0]
[3, 127, 127, 155, 0, 0, 0, 0, 127, 127, 0, 127, 182, 33, 0]
[3, 127, 127, 155, 0, 0, 0, 0, 127, 127, 0, 127, 232, 33, 0]
[3, 127, 127, 156, 0, 0, 0, 0, 127, 127, 0, 127, 26, 34, 0]
[3, 128, 127, 158, 0, 0, 0, 0, 127, 127, 0, 127, 76, 34, 0]
[4, 127, 127, 160, 0, 0, 0, 0, 127, 127, 0, 127, 126, 34, 0]
[5, 127, 126, 163, 0, 0, 0, 0, 127, 127, 0, 127, 176, 34, 0]
[5, 127, 126, 166, 0, 0, 0, 0, 127, 127, 0, 127, 226, 34, 0]
[6, 126, 126, 168, 0, 0, 0, 0, 127, 127, 0, 127, 20, 35, 0]
[7, 127, 126, 170, 0, 0, 0, 0, 127, 127, 0, 127, 70, 35, 0]
[246, 128, 127, 82, 0, 0, 0, 0, 127, 127, 0, 127, 120, 35, 0]
[246, 128, 127, 81, 0, 0, 0, 0, 127, 127, 0, 127, 170, 35, 0]
[245, 128, 126, 79, 0, 0, 0, 0, 127, 127, 0, 127, 220, 35, 0]
[245, 128, 126, 78, 0, 0, 0, 0, 127, 127, 0, 127, 14, 36, 0]
[244, 128, 126, 77, 0, 0, 0, 0, 127, 127, 0, 127, 64, 36, 0]
[244, 128, 126, 76, 0, 0, 0, 0, 127, 127, 0, 127, 114, 36, 0]
[243, 128, 126, 75, 0, 0, 0, 0, 127, 127, 0, 127, 164, 36, 0]
[243, 129, 126, 74, 0, 0, 0, 0, 127, 127, 0, 127, 214, 36, 0]
[243, 129, 127, 74, 0, 0, 0, 0, 127, 127, 0, 127, 8, 37, 0]
[243, 129, 127, 74, 0, 0, 0, 0, 127, 127, 0, 127, 58, 37, 0]
[243, 129, 126, 74, 0, 0, 0, 0, 127, 127, 0, 127, 108, 37, 0]
[244, 129, 126, 76, 0, 0, 0, 0, 127, 127, 0, 127, 158, 37, 0]
[245, 129, 125, 78, 0, 0, 0, 0, 127, 127, 0, 127, 208, 37, 0]
[246, 128, 125, 80, 0, 0, 0, 0, 127, 127, 0, 127, 2, 38, 0]
[247, 128, 125, 84, 0, 0, 0, 0, 127, 127, 0, 127, 52, 38, 0]
[248, 128, 125, 88, 0, 0, 0, 0, 127, 127, 0, 127, 102, 38, 0]
[250, 127, 125, 92, 0, 0, 0, 0, 127, 127, 0, 127, 152, 38, 0]
[250, 127, 124, 95, 0, 0, 0, 0, 127, 127, 0, 127, 202, 38, 0]
[251, 127, 124, 98, 0, 0, 0, 0, 127, 127, 0, 127, 252, 38, 0]
[251, 127, 125, 99, 0, 0, 0, 0, 127, 127, 0, 127, 46, 39, 0]
[251, 127, 125, 99, 0, 0, 0, 0, 127, 127, 0, 127, 96, 39, 0]
[251, 127, 125, 99, 0, 0, 0, 0, 127, 127, 0, 127, 146, 39, 0]
[251, 127, 125, 99, 0, 0, 0, 0, 127, 127, 0, 127, 196, 39, 0]
[251, 127, 125, 99, 0, 0, 0, 0, 127, 127, 0, 127, 246, 39, 0]
[251, 127, 126, 99, 0, 0, 0, 0, 127, 127, 0, 127, 40, 40, 0]
[251, 127, 126, 99, 0, 0, 0, 0, 127, 127, 0, 127, 90, 40, 0]
[251, 127, 127, 99, 0, 0, 0, 0, 127, 127, 0, 127, 140, 40, 0]
[3, 126, 126, 155, 0, 0, 0, 0, 127, 127, 0, 127, 190, 40, 0]
[3, 126, 125, 155, 0, 0, 0, 0, 127, 127, 0, 127, 240, 40, 0]
[3, 126, 124, 155, 0, 0, 0, 0, 127, 127, 0, 127, 34, 41, 0]
[3, 126, 121, 156, 0, 0, 0, 0, 127, 127, 0, 127, 84, 41, 0]
[3, 126, 119, 156, 0, 0, 0, 0, 127, 127, 0, 127, 134, 41, 0]
[3, 126, 116, 156, 0, 0, 0, 0, 127, 127, 0, 127, 184, 41, 0]
[4, 126, 113, 156, 0, 0, 0, 0, 127, 127, 0, 127, 234, 41, 0]
[4, 125, 110, 156, 0, 0, 0, 0, 127, 127, 0, 127, 28, 42, 0]
[4, 125, 108, 156, 0, 0, 0, 0, 127, 127, 0, 127, 78, 42, 0]
[5, 125, 106, 156, 0, 0, 0, 0, 127, 127, 0, 127, 128, 42, 0]
[5, 124, 106, 156, 0, 0, 0, 0, 127, 127, 0, 127, 178, 42, 0]
[5, 124, 106, 156, 0, 0, 0, 0, 127, 127, 0, 127, 228, 42, 0]
[5, 125, 107, 157, 0, 0, 0, 0, 127, 127, 0, 127, 22, 43, 0]
[4, 126, 109, 157, 0, 0, 0, 0, 127, 127, 0, 127, 72, 43, 0]
[4, 127, 113, 157, 0, 0, 0, 0, 127, 127, 0, 127, 122, 43, 0]
[4, 128, 117, 158, 0, 0, 0, 0, 127, 127, 0, 127, 172, 43, 0]
[4, 129, 121, 158, 0, 0, 0, 0, 127, 127, 0, 127, 222, 43, 0]
[3, 130, 126, 158, 0, 0, 0, 0, 127, 127, 0, 127, 16, 44, 0]
[4, 131, 130, 159, 0, 0, 0, 0, 127, 127, 0, 127, 66, 44, 0]
[250, 122, 119, 95, 0, 0, 0, 0, 127, 127, 0, 127, 116, 44, 0]
[250, 121, 115, 95, 0, 0, 0, 0, 127, 127, 0, 127, 166, 44, 0]
[249, 121, 111, 95, 0, 0, 0, 0, 127, 127, 0, 127, 216, 44, 0]
[249, 120, 107, 95, 0, 0, 0, 0, 127, 127, 0, 127, 10, 45, 0]
[248, 120, 105, 96, 0, 0, 0, 0, 127, 127, 0, 127, 60, 45, 0]
[248, 120, 104, 96, 0, 0, 0, 0, 127, 127, 0, 127, 110, 45, 0]
[248, 120, 106, 95, 0, 0, 0, 0, 127, 127, 0, 127, 160, 45, 0]
[249, 121, 109, 95, 0, 0, 0, 0, 127, 127, 0, 127, 210, 45, 0]
[250, 122, 114, 95, 0, 0, 0, 0, 127, 127, 0, 127, 4, 46, 0]
[250, 123, 120, 94, 0, 0, 0, 0, 127, 127, 0, 127, 54, 46, 0]
[250, 124, 124, 94, 0, 0, 0, 0, 127, 127, 0, 127, 104, 46, 0]
[250, 125, 125, 94, 0, 0, 0, 0, 127, 127, 0, 127, 154, 46, 0]
[250, 126, 125, 94, 0, 0, 0, 0, 127, 127, 0, 127, 204, 46, 0]
[250, 127, 125, 94, 0, 0, 0, 0, 127, 127, 0, 127, 254, 46, 0]
[250, 127, 125, 94, 0, 0, 0, 0, 127, 127, 0, 127, 48, 47, 0]
[250, 126, 125, 94, 0, 0, 0, 0, 127, 127, 0, 127, 98, 47, 0]
[250, 126, 125, 94, 0, 0, 0, 0, 127, 127, 0, 127, 148, 47, 0]
[250, 126, 125, 94, 0, 0, 0, 0, 127, 127, 0, 127, 198, 47, 0]
[250, 126, 125, 94, 0, 0, 0, 0, 127, 127, 0, 127, 248, 47, 0]
[250, 126, 125, 94, 0, 0, 0, 0, 127, 127, 0, 127, 42, 48, 0]
[250, 125, 125, 94, 0, 0, 0, 0, 127, 127, 0, 127, 92, 48, 0]
[250, 126, 125, 94, 0, 0, 0, 0, 127, 127, 0, 127, 142, 48, 0]
[250, 126, 125, 93, 0, 0, 0, 0, 127, 127, 0, 127, 192, 48, 0]
[250, 126, 125, 93, 0, 0, 0, 0, 127, 127, 0, 127, 242, 48, 0]
[250, 125, 124, 93, 0, 0, 0, 0, 127, 127, 0, 127, 36, 49, 0]
[250, 125, 124, 93, 0, 0, 0, 0, 127, 127, 0, 127, 86, 49, 0]
[4, 130, 130, 161, 0, 0, 0, 0, 127, 127, 0, 127, 136, 49, 0]
[4, 131, 130, 161, 0, 0, 0, 0, 127, 127, 0, 127, 186, 49, 0]
[4, 132, 129, 161, 0, 0, 0, 0, 127, 127, 0, 127, 236, 49, 0]
[4, 133, 129, 161, 0, 0, 0, 0, 127, 127, 0, 127, 30, 50, 0]
[4, 135, 128, 161, 0, 0, 0, 0, 127, 127, 0, 127, 80, 50, 0]
[5, 137, 127, 161, 0, 0, 0, 0, 127, 127, 0, 127, 130, 50, 0]
[5, 140, 126, 161, 0, 0, 0, 0, 127, 127, 0, 127, 180, 50, 0]
[5, 142, 125, 162, 0, 0, 0, 0, 127, 127, 0, 127, 230, 50, 0]
[6, 144, 124, 162, 0, 0, 0, 0, 127, 127, 0, 127, 24, 51, 0]
[6, 146, 124, 162, 0, 0, 0, 0, 127, 127, 0, 127, 74, 51, 0]
[6, 148, 123, 162, 0, 0, 0, 0, 127, 127, 0, 127, 124, 51, 0]
[6, 150, 123, 162, 0, 0, 0, 0, 127, 127, 0, 127, 174, 51, 0]
[7, 152, 122, 162, 0, 0, 0, 0, 127, 127, 0, 127, 224, 51, 0]
[7, 153, 122, 162, 0, 0, 0, 0, 127, 127, 0, 127, 18, 52, 0]
[8, 154, 121, 162, 0, 0, 0, 0, 127, 127, 0, 127, 68, 52, 0]
[8, 155, 121, 162, 0, 0, 0, 0, 127, 127, 0, 127, 118, 52, 0]
[8, 155, 121, 162, 0, 0, 0, 0, 127, 127, 0, 127, 168, 52, 0]
[8, 154, 121, 162, 0, 0, 0, 0, 127, 127, 0, 127, 218, 52, 0]
[8, 153, 121, 162, 0, 0, 0, 0, 127, 127, 0, 127, 12, 53, 0]
[7, 152, 121, 163, 0, 0, 0, 0, 127, 127, 0, 127, 62, 53, 0]
[7, 149, 121, 163, 0, 0, 0, 0, 127, 127, 0, 127, 112, 53, 0]
[6, 146, 121, 163, 0, 0, 0, 0, 127, 127, 0, 127, 162, 53, 0]
[6, 143, 121, 163, 0, 0, 0, 0, 127, 127, 0, 127, 212, 53, 0]
[6, 140, 121, 164, 0, 0, 0, 0, 127, 127, 0, 127, 6, 54, 0]
[5, 137, 121, 164, 0, 0, 0, 0, 127, 127, 0, 127, 56, 54, 0]
[5, 133, 121, 164, 0, 0, 0, 0, 127, 127, 0, 127, 106, 54, 0]
[5, 130, 121, 164, 0, 0, 0, 0, 127, 127, 0, 127, 156, 54, 0]
[5, 127, 122, 164, 0, 0, 0, 0, 127, 127, 0, 127, 206, 54, 0]
[5, 124, 123, 165, 0, 0, 0, 0, 127, 127, 0, 127, 0, 55, 0]
[249, 133, 131, 89, 0, 0, 0, 0, 127, 127, 0, 127, 50, 55, 0]
[249, 135, 130, 89, 0, 0, 0, 0, 127, 127, 0, 127, 100, 55, 0]
[248, 138, 130, 89, 0, 0, 0, 0, 127, 127, 0, 127, 150, 55, 0]
[248, 140, 130, 89, 0, 0, 0, 0, 127, 127, 0, 127, 200, 55, 0]
[248, 142, 129, 90, 0, 0, 0, 0, 127, 127, 0, 127, 250, 55, 0]
[248, 144, 129, 90, 0, 0, 0, 0, 127, 127, 0, 127, 44, 56, 0]
[247, 146, 128, 90, 0, 0, 0, 0, 127, 127, 0, 127, 94, 56, 0]
[247, 148, 127, 90, 0, 0, 0, 0, 127, 127, 0, 127, 144, 56, 0]
[247, 149, 126, 90, 0, 0, 0, 0, 127, 127, 0, 127, 194, 56, 0]
[247, 150, 126, 90, 0, 0, 0, 0, 127, 127, 0, 127, 244, 56, 0]
[247, 151, 125, 90, 0, 0, 0, 0, 127, 127, 0, 127, 38, 57, 0]
[247, 151, 125, 90, 0, 0, 0, 0, 127, 127, 0, 127, 88, 57, 0]
[247, 150, 125, 91, 0, 0, 0, 0, 127, 127, 0, 127, 138, 57, 0]
[247, 148, 125, 91, 0, 0, 0, 0, 127, 127, 0, 127, 188, 57, 0]
[248, 145, 125, 91, 0, 0, 0, 0, 127, 127, 0, 127, 238, 57, 0]
[248, 141, 125, 91, 0, 0, 0, 0, 127, 127, 0, 127, 32, 58, 0]
[249, 138, 125, 91, 0, 0, 0, 0, 127, 127, 0, 127, 82, 58, 0]
[249, 135, 125, 91, 0, 0, 0, 0, 127, 127, 0, 127, 132, 58, 0]
[249, 132, 126, 92, 0, 0, 0, 0, 127, 127, 0, 127, 182, 58, 0]
[250, 130, 126, 92, 0, 0, 0, 0, 127, 127, 0, 127, 232, 58, 0]
[250, 128, 127, 93, 0, 0, 0, 0, 127, 127, 0, 127, 26, 59, 0]
[4, 127, 126, 160, 0, 0, 0, 0, 127, 127, 0, 127, 76, 59, 0]
[4, 128, 126, 159, 0, 0, 0, 0, 127, 127, 0, 127, 126, 59, 0]
[4, 128, 126, 159, 0, 0, 0, 0, 127, 127, 0, 127, 176, 59, 0]
[4, 128, 127, 159, 0, 0, 0, 0, 127, 127, 0, 127, 226, 59, 0]
[250, 127, 127, 95, 0, 0, 0, 0, 127, 127, 0, 127, 20, 60, 0]
[4, 127, 127, 160, 0, 0, 0, 0, 127, 127, 0, 127, 70, 60, 0]
[4, 127, 127, 160, 0, 0, 0, 0, 127, 127, 0, 127, 120, 60, 0]
[4, 127, 127, 160, 0, 0, 0, 0, 127, 127, 0, 127, 170, 60, 0]
[4, 127, 127, 160, 0, 0, 0, 0, 127, 127, 0, 127, 220, 60, 0]
[4, 128, 127, 161, 0, 0, 0, 0, 127, 127, 0, 127, 14, 61, 0]
[4, 128, 127, 162, 0, 0, 0, 0, 127, 127, 0, 127, 64, 61, 0]
[5, 128, 127, 163, 0, 0, 0, 0, 127, 127, 0, 127, 114, 61, 0]
[5, 127, 127, 165, 0, 0, 0, 0, 127, 127, 0, 127, 164, 61, 0]
[6, 127, 127, 167, 0, 0, 0, 0, 127, 127, 0, 127, 214, 61, 0]
[248, 128, 127, 85, 0, 0, 0, 0, 127, 127, 0, 127, 8, 62, 0]
[247, 128, 127, 84, 0, 0, 0, 0, 127, 127, 0, 127, 58, 62, 0]
[247, 128, 126, 83, 0, 0, 0, 0, 127, 127, 0, 127, 108, 62, 0]
[246, 127, 126, 82, 0, 0, 0, 0, 127, 127, 0, 127, 158, 62, 0]
[246, 127, 126, 80, 0, 0, 0, 0, 127, 127, 0, 127, 208, 62, 0]
[245, 127, 127, 79, 0, 0, 0, 0, 127, 127, 0, 127, 2, 63, 0]
[245, 128, 127, 78, 0, 0, 0, 0, 127, 127, 0, 127, 52, 63, 0]
[245, 128, 127, 78, 0, 0, 0, 0, 127, 127, 0, 127, 102, 63, 0]
[245, 129, 126, 79, 0, 0, 0, 0, 127, 127, 0, 127, 152, 63, 0]
[246, 128, 126, 81, 0, 0, 0, 0, 127, 127, 0, 127, 202, 63, 0]
[247, 128, 125, 83, 0, 0, 0, 0, 127, 127, 0, 127, 252, 63, 0]
[248, 128, 125, 86, 0, 0, 0, 0, 127, 127, 0, 127, 46, 64, 0]
[249, 128, 125, 89, 0, 0, 0, 0, 127, 127, 0, 127, 96, 64, 0]
[249, 128, 125, 91, 0, 0, 0, 0, 127, 127, 0, 127, 146, 64, 0]
[250, 128, 126, 93, 0, 0, 0, 0, 127, 127, 0, 127, 196, 64, 0]
[250, 128, 126, 95, 0, 0, 0, 0, 127, 127, 0, 127, 246, 64, 0]
[251, 128, 126, 95, 0, 0, 0, 0, 127, 127, 0, 127, 40, 65, 0]
[251, 128, 126, 96, 0, 0, 0, 0, 127, 127, 0, 127, 90, 65, 0]
[251, 128, 126, 96, 0, 0, 0, 0, 127, 127, 0, 127, 140, 65, 0]
[251, 128, 126, 96, 0, 0, 0, 0, 127, 127, 0, 127, 190, 65, 0]
[251, 128, 126, 96, 0, 0, 0, 0, 127, 127, 0, 127, 240, 65, 0]
[251, 127, 126, 96, 0, 0, 0, 0, 127, 127, 0, 127, 34, 66, 0]
[251, 127, 126, 96, 0, 0, 0, 0, 127, 127, 0, 127, 84, 66, 0]
[251, 127, 126, 96, 0, 0, 0, 0, 127, 127, 0, 127, 134, 66, 0]
[3, 127, 127, 158, 0, 0, 0, 0, 127, 127, 0, 127, 184, 66, 0]
[3, 128, 126, 158, 0, 0, 0, 0, 127, 127, 0, 127, 234, 66, 0]
[3, 127, 126, 158, 0, 0, 0, 0, 127, 127, 0, 127, 28, 67, 0]
[3, 127, 126, 158, 0, 0, 0, 0, 127, 127, 0, 127, 78, 67, 0]
[3, 127, 125, 158, 0, 0, 0, 0, 127, 127, 0, 127, 128, 67, 0]
[3, 127, 124, 158, 0, 0, 0, 0, 127, 127, 0, 127, 178, 67, 0]
[3, 127, 123, 158, 0, 0, 0, 0, 127, 127, 0, 127, 228, 67, 0]
[4, 128, 121, 158, 0, 0, 0, 0, 127, 127, 0, 127, 22, 68, 0]
[4, 128, 120, 158, 0, 0, 0, 0, 127, 127, 0, 127, 72, 68, 0]
[4, 129, 119, 158, 0, 0, 0, 0, 127, 127, 0, 127, 122, 68, 0]
[4, 129, 118, 158, 0, 0, 0, 0, 127, 127, 0, 127, 172, 68, 0]
[4, 129, 117, 158, 0, 0, 0, 0, 127, 127, 0, 127, 222, 68, 0]
[4, 130, 115, 158, 0, 0, 0, 0, 127, 127, 0, 127, 16, 69, 0]
[4, 130, 114, 158, 0, 0, 0, 0, 127, 127, 0, 127, 66, 69, 0]
[4, 130, 114, 158, 0, 0, 0, 0, 127, 127, 0, 127, 116, 69, 0]
[4, 130, 113, 158, 0, 0, 0, 0, 127, 127, 0, 127, 166, 69, 0]
[4, 130, 112, 158, 0, 0, 0, 0, 127, 127, 0, 127, 216, 69, 0]
[4, 130, 111, 158, 0, 0, 0, 0, 127, 127, 0, 127, 10, 70, 0]
[4, 131, 110, 158, 0, 0, 0, 0, 127, 127, 0, 127, 60, 70, 0]
[5, 131, 109, 158, 0, 0, 0, 0, 127, 127, 0, 127, 110, 70, 0]
[5, 131, 109, 158, 0, 0, 0, 0, 127, 127, 0, 127, 160, 70, 0]
[5, 131, 108, 158, 0, 0, 0, 0, 127, 127, 0, 127, 210, 70, 0]
[5, 132, 108, 158, 0, 0, 0, 0, 127, 127, 0, 127, 4, 71, 0]
[5, 132, 109, 158, 0, 0, 0, 0, 127, 127, 0, 127, 54, 71, 0]
[5, 132, 110, 158, 0, 0, 0, 0, 127, 127, 0, 127, 104, 71, 0]
[4, 132, 111, 158, 0, 0, 0, 0, 127, 127, 0, 127, 154, 71, 0]
[4, 132, 113, 158, 0, 0, 0, 0, 127, 127, 0, 127, 204, 71, 0]
[4, 132, 115, 158, 0, 0, 0, 0, 127, 127, 0, 127, 254, 71, 0]
[4, 132, 116, 158, 0, 0, 0, 0, 127, 127, 0, 127, 48, 72, 0]
[4, 133, 119, 158, 0, 0, 0, 0, 127, 127, 0, 127, 98, 72, 0]
[4, 133, 121, 158, 0, 0, 0, 0, 127, 127, 0, 127, 148, 72, 0]
[4, 133, 125, 158, 0, 0, 0, 0, 127, 127, 0, 127, 198, 72, 0]
[4, 132, 128, 158, 0, 0, 0, 0, 127, 127, 0, 127, 248, 72, 0]
[4, 132, 132, 158, 0, 0, 0, 0, 127, 127, 0, 127, 42, 73, 0]
[250, 122, 118, 96, 0, 0, 0, 0, 127, 127, 0, 127, 92, 73, 0]
[250, 122, 115, 96, 0, 0, 0, 0, 127, 127, 0, 127, 142, 73, 0]
[250, 122, 112, 96, 0, 0, 0, 0, 127, 127, 0, 127, 192, 73, 0]
[249, 121, 110, 96, 0, 0, 0, 0, 127, 127, 0, 127, 242, 73, 0]
[249, 121, 108, 96, 0, 0, 0, 0, 127, 127, 0, 127, 36, 74, 0]
[249, 121, 106, 96, 0, 0, 0, 0, 127, 127, 0, 127, 86, 74, 0]
[249, 120, 105, 96, 0, 0, 0, 0, 127, 127, 0, 127, 136, 74, 0]
[249, 120, 105, 96, 0, 0, 0, 0, 127, 127, 0, 127, 186, 74, 0]
[249, 120, 106, 96, 0, 0, 0, 0, 127, 127, 0, 127, 236, 74, 0]
[249, 120, 107, 96, 0, 0, 0, 0, 127, 127, 0, 127, 30, 75, 0]
[249, 121, 109, 96, 0, 0, 0, 0, 127, 127, 0, 127, 80, 75, 0]
[250, 121, 112, 96, 0, 0, 0, 0, 127, 127, 0, 127, 130, 75, 0]
[250, 121, 116, 95, 0, 0, 0, 0, 127, 127, 0, 127, 180, 75, 0]
[250, 122, 119, 95, 0, 0, 0, 0, 127, 127, 0, 127, 230, 75, 0]
[4, 131, 130, 159, 0, 0, 0, 0, 127, 127, 0, 127, 24, 76, 0]
[4, 131, 126, 159, 0, 0, 0, 0, 127, 127, 0, 127, 74, 76, 0]
[4, 131, 121, 159, 0, 0, 0, 0, 127, 127, 0, 127, 124, 76, 0]
[4, 131, 117, 160, 0, 0, 0, 0, 127, 127, 0, 127, 174, 76, 0]
[5, 130, 112, 160, 0, 0, 0, 0, 127, 127, 0, 127, 224, 76, 0]
[5, 130, 108, 160, 0, 0, 0, 0, 127, 127, 0, 127, 18, 77, 0]
[6, 130, 105, 160, 0, 0, 0, 0, 127, 127, 0, 127, 68, 77, 0]
[6, 129, 101, 160, 0, 0, 0, 0, 127, 127, 0, 127, 118, 77, 0]
[7, 129, 98, 159, 0, 0, 0, 0, 127, 127, 0, 127, 168, 77, 0]
[8, 129, 96, 159, 0, 0, 0, 0, 127, 127, 0, 127, 218, 77, 0]
[8, 129, 96, 159, 0, 0, 0, 0, 127, 127, 0, 127, 12, 78, 0]
[7, 129, 97, 159, 0, 0, 0, 0, 127, 127, 0, 127, 62, 78, 0]
[7, 129, 100, 159, 0, 0, 0, 0, 127, 127, 0, 127, 112, 78, 0]
[6, 130, 105, 160, 0, 0, 0, 0, 127, 127, 0, 127, 162, 78, 0]
[5, 130, 110, 160, 0, 0, 0, 0, 127, 127, 0, 127, 212, 78, 0]
[4, 131, 117, 160, 0, 0, 0, 0, 127, 127, 0, 127, 6, 79, 0]
[4, 131, 123, 159, 0, 0, 0, 0, 127, 127, 0, 127, 56, 79, 0]
[4, 132, 130, 159, 0, 0, 0, 0, 127, 127, 0, 127, 106, 79, 0]
[250, 122, 118, 96, 0, 0, 0, 0, 127, 127, 0, 127, 156, 79, 0]
[250, 121, 113, 96, 0, 0, 0, 0, 127, 127, 0, 127, 206, 79, 0]
[249, 121, 109, 97, 0, 0, 0, 0, 127, 127, 0, 127, 0, 80, 0]
[249, 121, 105, 97, 0, 0, 0, 0, 127, 127, 0, 127, 50, 80, 0]
[249, 122, 103, 97, 0, 0, 0, 0, 127, 127, 0, 127, 100, 80, 0]
[249, 122, 103, 98, 0, 0, 0, 0, 127, 127, 0, 127, 150, 80, 0]
[249, 122, 104, 98, 0, 0, 0, 0, 127, 127, 0, 127, 200, 80, 0]
[249, 122, 106, 97, 0, 0, 0, 0, 127, 127, 0, 127, 250, 80, 0]
[249, 123, 109, 97, 0, 0, 0, 0, 127, 127, 0, 127, 44, 81, 0]
[250, 124, 112, 96, 0, 0, 0, 0, 127, 127, 0, 127, 94, 81, 0]
[250, 125, 115, 96, 0, 0, 0, 0, 127, 127, 0, 127, 144, 81, 0]
[250, 125, 119, 96, 0, 0, 0, 0, 127, 127, 0, 127, 194, 81, 0]
[250, 126, 124, 95, 0, 0, 0, 0, 127, 127, 0, 127, 244, 81, 0]
[4, 127, 126, 159, 0, 0, 0, 0, 127, 127, 0, 127, 38, 82, 0]
[4, 126, 122, 159, 0, 0, 0, 0, 127, 127, 0, 127, 88, 82, 0]
[4, 125, 119, 159, 0, 0, 0, 0, 127, 127, 0, 127, 138, 82, 0]
[4, 124, 115, 159, 0, 0, 0, 0, 127, 127, 0, 127, 188, 82, 0]
[5, 124, 112, 159, 0, 0, 0, 0, 127, 127, 0, 127, 238, 82, 0]
[5, 124, 109, 159, 0, 0, 0, 0, 127, 127, 0, 127, 32, 83, 0]
[5, 124, 106, 159, 0, 0, 0, 0, 127, 127, 0, 127, 82, 83, 0]
[6, 123, 105, 159, 0, 0, 0, 0, 127, 127, 0, 127, 132, 83, 0]
[6, 123, 104, 159, 0, 0, 0, 0, 127, 127, 0, 127, 182, 83, 0]
[5, 124, 106, 159, 0, 0, 0, 0, 127, 127, 0, 127, 232, 83, 0]
[5, 125, 108, 159, 0, 0, 0, 0, 127, 127, 0, 127, 26, 84, 0]
[5, 126, 111, 159, 0, 0, 0, 0, 127, 127, 0, 127, 76, 84, 0]
[4, 126, 115, 160, 0, 0, 0, 0, 127, 127, 0, 127, 126, 84, 0]
[4, 127, 120, 160, 0, 0, 0, 0, 127, 127, 0, 127, 176, 84, 0]
[4, 127, 124, 160, 0, 0, 0, 0, 127, 127, 0, 127, 226, 84, 0]
[4, 128, 127, 160, 0, 0, 0, 0, 127, 127, 0, 127, 20, 85, 0]
[250, 125, 124, 94, 0, 0, 0, 0, 127, 127, 0, 127, 70, 85, 0]
[250, 125, 122, 95, 0, 0, 0, 0, 127, 127, 0, 127, 120, 85, 0]
[250, 124, 120, 95, 0, 0, 0, 0, 127, 127, 0, 127, 170, 85, 0]
[250, 123, 120, 95, 0, 0, 0, 0, 127, 127, 0, 127, 220, 85, 0]
[250, 123, 121, 95, 0, 0, 0, 0, 127, 127, 0, 127, 14, 86, 0]
[250, 123, 123, 96, 0, 0, 0, 0, 127, 127, 0, 127, 64, 86, 0]
[4, 131, 131, 158, 0, 0, 0, 0, 127, 127, 0, 127, 114, 86, 0]
[4, 130, 130, 158, 0, 0, 0, 0, 127, 127, 0, 127, 164, 86, 0]
[250, 124, 124, 96, 0, 0, 0, 0, 127, 127, 0, 127, 214, 86, 0]
[250, 124, 124, 95, 0, 0, 0, 0, 127, 127, 0, 127, 8, 87, 0]
[250, 124, 124, 95, 0, 0, 0, 0, 127, 127, 0, 127, 58, 87, 0]
[250, 124, 124, 95, 0, 0, 0, 0, 127, 127, 0, 127, 108, 87, 0]
[250, 124, 124, 95, 0, 0, 0, 0, 127, 127, 0, 127, 158, 87, 0]
[250, 124, 124, 95, 0, 0, 0, 0, 127, 127, 0, 127, 208, 87, 0]
[4, 131, 130, 159, 0, 0, 0, 0, 127, 127, 0, 127, 2, 88, 0]
[4, 131, 130, 159, 0, 0, 0, 0, 127, 127, 0, 127, 52, 88, 0]
[4, 131, 130, 159, 0, 0, 0, 0, 127, 127, 0, 127, 102, 88, 0]
[4, 131, 130, 159, 0, 0, 0, 0, 127, 127, 0, 127, 152, 88, 0]
[4, 131, 130, 159, 0, 0, 0, 0, 127, 127, 0, 127, 202, 88, 0]
[4, 132, 129, 159, 0, 0, 0, 0, 127, 127, 0, 127, 252, 88, 0]
[4, 133, 129, 159, 0, 0, 0, 0, 127, 127, 0, 127, 46, 89, 0]
[4, 134, 129, 159, 0, 0, 0, 0, 127, 127, 0, 127, 96, 89, 0]
[4, 135, 129, 159, 0, 0, 0, 0, 127, 127, 0, 127, 146, 89, 0]
[4, 135, 128, 159, 0, 0, 0, 0, 127, 127, 0, 127, 196, 89, 0]
[4, 137, 128, 159, 0, 0, 0, 0, 127, 127, 0, 127, 246, 89, 0]
[4, 138, 127, 159, 0, 0, 0, 0, 127, 127, 0, 127, 40, 90, 0]
[4, 139, 126, 159, 0, 0, 0, 0, 127, 127, 0, 127, 90, 90, 0]
[4, 140, 126, 159, 0, 0, 0, 0, 127, 127, 0, 127, 140, 90, 0]
[4, 142, 125, 159, 0, 0, 0, 0, 127, 127, 0, 127, 190, 90, 0]
[5, 143, 125, 159, 0, 0, 0, 0, 127, 127, 0, 127, 240, 90, 0]
[5, 145, 124, 159, 0, 0, 0, 0, 127, 127, 0, 127, 34, 91, 0]
[5, 146, 124, 159, 0, 0, 0, 0, 127, 127, 0, 127, 84, 91, 0]
[5, 147, 124, 159, 0, 0, 0, 0, 127, 127, 0, 127, 134, 91, 0]
[6, 149, 123, 159, 0, 0, 0, 0, 127, 127, 0, 127, 184, 91, 0]
[6, 150, 122, 159, 0, 0, 0, 0, 127, 127, 0, 127, 234, 91, 0]
[6, 151, 121, 159, 0, 0, 0, 0, 127, 127, 0, 127, 28, 92, 0]
[6, 152, 121, 159, 0, 0, 0, 0, 127, 127, 0, 127, 78, 92, 0]
[6, 152, 121, 159, 0, 0, 0, 0, 127, 127, 0, 127, 128, 92, 0]
[6, 151, 121, 159, 0, 0, 0, 0, 127, 127, 0, 127, 178, 92, 0]
[6, 150, 120, 159, 0, 0, 0, 0, 127, 127, 0, 127, 228, 92, 0]
[6, 148, 120, 159, 0, 0, 0, 0, 127, 127, 0, 127, 22, 93, 0]
[5, 145, 120, 159, 0, 0, 0, 0, 127, 127, 0, 127, 72, 93, 0]
[5, 143, 121, 159, 0, 0, 0, 0, 127, 127, 0, 127, 122, 93, 0]
[4, 139, 121, 159, 0, 0, 0, 0, 127, 127, 0, 127, 172, 93, 0]
[4, 136, 123, 160, 0, 0, 0, 0, 127, 127, 0, 127, 222, 93, 0]
[4, 133, 124, 160, 0, 0, 0, 0, 127, 127, 0, 127, 16, 94, 0]
[4, 129, 125, 160, 0, 0, 0, 0, 127, 127, 0, 127, 66, 94, 0]
[250, 128, 127, 94, 0, 0, 0, 0, 127, 127, 0, 127, 116, 94, 0]
[250, 131, 126, 93, 0, 0, 0, 0, 127, 127, 0, 127, 166, 94, 0]
[250, 133, 125, 93, 0, 0, 0, 0, 127, 127, 0, 127, 216, 94, 0]
[250, 136, 124, 93, 0, 0, 0, 0, 127, 127, 0, 127, 10, 95, 0]
[249, 137, 124, 93, 0, 0, 0, 0, 127, 127, 0, 127, 60, 95, 0]
[249, 138, 124, 93, 0, 0, 0, 0, 127, 127, 0, 127, 110, 95, 0]
[249, 137, 124, 93, 0, 0, 0, 0, 127, 127, 0, 127, 160, 95, 0]
[250, 135, 124, 93, 0, 0, 0, 0, 127, 127, 0, 127, 210, 95, 0]
[250, 132, 124, 93, 0, 0, 0, 0, 127, 127, 0, 127, 4, 96, 0]
[250, 129, 125, 94, 0, 0, 0, 0, 127, 127, 0, 127, 54, 96, 0]
[4, 129, 128, 160, 0, 0, 0, 0, 127, 127, 0, 127, 104, 96, 0]
[4, 132, 126, 160, 0, 0, 0, 0, 127, 127, 0, 127, 154, 96, 0]
[4, 133, 125, 160, 0, 0, 0, 0, 127, 127, 0, 127, 204, 96, 0]
[4, 134, 124, 160, 0, 0, 0, 0, 127, 127, 0, 127, 254, 96, 0]
[4, 133, 125, 160, 0, 0, 0, 0, 127, 127, 0, 127, 48, 97, 0]
[4, 133, 126, 160, 0, 0, 0, 0, 127, 127, 0, 127, 98, 97, 0]
[4, 132, 126, 160, 0, 0, 0, 0, 127, 127, 0, 127, 148, 97, 0]
[4, 132, 126, 160, 0, 0, 0, 0, 127, 127, 0, 127, 198, 97, 0]
[4, 132, 126, 159, 0, 0, 0, 0, 127, 127, 0, 127, 248, 97, 0]
[3, 131, 127, 158, 0, 0, 0, 0, 127, 127, 0, 127, 42, 98, 0]
[3, 130, 128, 156, 0, 0, 0, 0, 127, 127, 0, 127, 92, 98, 0]
[2, 130, 129, 153, 0, 0, 0, 0, 127, 127, 0, 127, 142, 98, 0]
[252, 124, 124, 103, 0, 0, 0, 0, 127, 127, 0, 127, 192, 98, 0]
[1, 131, 129, 148, 0, 0, 0, 0, 127, 127, 0, 127, 242, 98, 0]
[1, 132, 129, 145, 0, 0, 0, 0, 127, 127, 0, 127, 36, 99, 0]
[1, 133, 128, 143, 0, 0, 0, 0, 127, 127, 0, 127, 86, 99, 0]
[1, 134, 127, 141, 0, 0, 0, 0, 127, 127, 0, 127, 136, 99, 0]
[0, 135, 127, 140, 0, 0, 0, 0, 127, 127, 0, 127, 186, 99, 0]
[0, 135, 126, 140, 0, 0, 0, 0, 127, 127, 0, 127, 236, 99, 0]
[1, 134, 127, 141, 0, 0, 0, 0, 127, 127, 0, 127, 30, 100, 0]
[1, 133, 127, 143, 0, 0, 0, 0, 127, 127, 0, 127, 80, 100, 0]
[1, 133, 127, 145, 0, 0, 0, 0, 127, 127, 0, 127, 130, 100, 0]
[1, 133, 127, 147, 0, 0, 0, 0, 127, 127, 0, 127, 180, 100, 0]
[2, 133, 127, 149, 0, 0, 0, 0, 127, 127, 0, 127, 230, 100, 0]
[2, 133, 128, 152, 0, 0, 0, 0, 127, 127, 0, 127, 24, 101, 0]
[2, 132, 128, 154, 0, 0, 0, 0, 127, 127, 0, 127, 74, 101, 0]
[3, 132, 128, 156, 0, 0, 0, 0, 127, 127, 0, 127, 124, 101, 0]
[3, 132, 129, 158, 0, 0, 0, 0, 127, 127, 0, 127, 174, 101, 0]
[4, 132, 128, 160, 0, 0, 0, 0, 127, 127, 0, 127, 224, 101, 0]
[5, 131, 128, 162, 0, 0, 0, 0, 127, 127, 0, 127, 18, 102, 0]
[5, 131, 128, 164, 0, 0, 0, 0, 127, 127, 0, 127, 68, 102, 0]
[5, 131, 128, 165, 0, 0, 0, 0, 127, 127, 0, 127, 118, 102, 0]
[6, 130, 128, 166, 0, 0, 0, 0, 127, 127, 0, 127, 168, 102, 0]
[6, 130, 128, 167, 0, 0, 0, 0, 127, 127, 0, 127, 218, 102, 0]
[6, 129, 129, 166, 0, 0, 0, 0, 127, 127, 0, 127, 12, 103, 0]
[249, 125, 125, 89, 0, 0, 0, 0, 127, 127, 0, 127, 62, 103, 0]
[249, 125, 125, 91, 0, 0, 0, 0, 127, 127, 0, 127, 112, 103, 0]
[4, 129, 129, 161, 0, 0, 0, 0, 127, 127, 0, 127, 162, 103, 0]
[4, 129, 129, 159, 0, 0, 0, 0, 127, 127, 0, 127, 212, 103, 0]
[3, 129, 129, 157, 0, 0, 0, 0, 127, 127, 0, 127, 6, 104, 0]
[3, 130, 129, 156, 0, 0, 0, 0, 127, 127, 0, 127, 56, 104, 0]
[2, 130, 129, 154, 0, 0, 0, 0, 127, 127, 0, 127, 106, 104, 0]
[2, 130, 129, 152, 0, 0, 0, 0, 127, 127, 0, 127, 156, 104, 0]
[2, 130, 129, 151, 0, 0, 0, 0, 127, 127, 0, 127, 206, 104, 0]
[2, 131, 129, 149, 0, 0, 0, 0, 127, 127, 0, 127, 0, 105, 0]
[1, 131, 129, 148, 0, 0, 0, 0, 127, 127, 0, 127, 50, 105, 0]
[1, 131, 129, 147, 0, 0, 0, 0, 127, 127, 0, 127, 100, 105, 0]
[1, 131, 129, 145, 0, 0, 0, 0, 127, 127, 0, 127, 150, 105, 0]
[1, 131, 128, 144, 0, 0, 0, 0, 127, 127, 0, 127, 200, 105, 0]
[1, 131, 128, 143, 0, 0, 0, 0, 127, 127, 0, 127, 250, 105, 0]
[0, 130, 128, 142, 0, 0, 0, 0, 127, 127, 0, 127, 44, 106, 0]
[0, 130, 128, 141, 0, 0, 0, 0, 127, 127, 0, 127, 94, 106, 0]
[0, 129, 128, 140, 0, 0, 0, 0, 127, 127, 0, 127, 144, 106, 0]
[0, 129, 128, 139, 0, 0, 0, 0, 127, 127, 0, 127, 194, 106, 0]
[0, 129, 127, 137, 0, 0, 0, 0, 127, 127, 0, 127, 244, 106, 0]
[0, 129, 127, 136, 0, 0, 0, 0, 127, 127, 0, 127, 38, 107, 0]
[0, 129, 127, 135, 0, 0, 0, 0, 127, 127, 0, 127, 88, 107, 0]
[0, 129, 127, 134, 0, 0, 0, 0, 127, 127, 0, 127, 138, 107, 0]
[0, 130, 127, 133, 0, 0, 0, 0, 127, 127, 0, 127, 188, 107, 0]
[0, 130, 127, 133, 0, 0, 0, 0, 127, 127, 0, 127, 238, 107, 0]
[0, 130, 127, 133, 0, 0, 0, 0, 127, 127, 0, 127, 32, 108, 0]
[0, 130, 127, 133, 0, 0, 0, 0, 127, 127, 0, 127, 82, 108, 0]
[0, 130, 127, 133, 0, 0, 0, 0, 127, 127, 0, 127, 132, 108, 0]
[0, 130, 127, 133, 0, 0, 0, 0, 127, 127, 0, 127, 182, 108, 0]
[0, 130, 127, 133, 0, 0, 0, 0, 127, 127, 0, 127, 232, 108, 0]
[0, 130, 127, 133, 0, 0, 0, 0, 127, 127, 0, 127, 26, 109, 0]
[0, 131, 127, 133, 0, 0, 0, 0, 127, 127, 0, 127, 76, 109, 0]
[0, 131, 127, 133, 0, 0, 0, 0, 127, 127, 0, 127, 126, 109, 0]
[0, 131, 127, 133, 0, 0, 0, 0, 127, 127, 0, 127, 176, 109, 0]
[0, 130, 127, 133, 0, 0, 0, 0, 127, 127, 0, 127, 226, 109, 0]
[0, 130, 127, 134, 0, 0, 0, 0, 127, 127, 0, 127, 20, 110, 0]
[0, 130, 127, 134, 0, 0, 0, 0, 127, 127, 0, 127, 70, 110, 0]
[0, 130, 127, 134, 0, 0, 0, 0, 127, 127, 0, 127, 120, 110, 0]
[0, 130, 127, 134, 0, 0, 0, 0, 127, 127, 0, 127, 170, 110, 0]
[0, 130, 127, 134, 0, 0, 0, 0, 127, 127, 0, 127, 220, 110, 0]
[0, 131, 127, 133, 0, 0, 0, 0, 127, 127, 0, 127, 14, 111, 0]
[0, 131, 127, 133, 0, 0, 0, 0, 127, 127, 0, 127, 64, 111, 0]
[0, 131, 127, 132, 0, 0, 0, 0, 127, 127, 0, 127, 114, 111, 0]
[0, 131, 127, 131, 0, 0, 0, 0, 127, 127, 0, 127, 164, 111, 0]
[0, 132, 127, 131, 0, 0, 0, 0, 127, 127, 0, 127, 214, 111, 0]
[0, 131, 127, 131, 0, 0, 0, 0, 127, 127, 0, 127, 8, 112, 0]
[0, 131, 127, 130, 0, 0, 0, 0, 127, 127, 0, 127, 58, 112, 0]
[0, 130, 128, 129, 0, 0, 0, 0, 127, 127, 0, 127, 108, 112, 0]
[0, 130, 128, 129, 0, 0, 0, 0, 127, 127, 0, 127, 158, 112, 0]
[0, 130, 128, 128, 0, 0, 0, 0, 127, 127, 0, 127, 208, 112, 0]
[0, 131, 128, 128, 0, 0, 0, 0, 127, 127, 0, 127, 2, 113, 0]
[0, 131, 128, 128, 0, 0, 0, 0, 127, 127, 0, 127, 52, 113, 0]
[0, 131, 128, 127, 0, 0, 0, 0, 127, 127, 0, 127, 102, 113, 0]
[0, 132, 128, 127, 0, 0, 0, 0, 127, 127, 0, 127, 152, 113, 0]
[0, 132, 128, 127, 0, 0, 0, 0, 127, 127, 0, 127, 202, 113, 0]
[0, 132, 128, 127, 0, 0, 0, 0, 127, 127, 0, 127, 252, 113, 0]
[0, 132, 128, 127, 0, 0, 0, 0, 127, 127, 0, 127, 46, 114, 0]
[0, 132, 128, 127, 0, 0, 0, 0, 127, 127, 0, 127, 96, 114, 0]
[0, 132, 128, 127, 0, 0, 0, 0, 127, 127, 0, 127, 146, 114, 0]
[0, 132, 128, 128, 0, 0, 0, 0, 127, 127, 0, 127, 196, 114, 0]
[0, 132, 128, 128, 0, 0, 0, 0, 127, 127, 0, 127, 246, 114, 0]
[0, 132, 128, 128, 0, 0, 0, 0, 127, 127, 0, 127, 40, 115, 0]
[0, 132, 128, 127, 0, 0, 0, 0, 127, 127, 0, 127, 90, 115, 0]
[0, 131, 129, 127, 0, 0, 0, 0, 127, 127, 0, 127, 140, 115, 0]
[0, 132, 129, 126, 0, 0, 0, 0, 127, 127, 0, 127, 190, 115, 0]
[0, 132, 129, 125, 0, 0, 0, 0, 127, 127, 0, 127, 240, 115, 0]
[0, 132, 129, 125, 0, 0, 0, 0, 127, 127, 0, 127, 34, 116, 0]
[0, 132, 128, 124, 0, 0, 0, 0, 127, 127, 0, 127, 84, 116, 0]
[0, 132, 128, 124, 0, 0, 0, 0, 127, 127, 0, 127, 134, 116, 0]
[0, 132, 128, 124, 0, 0, 0, 0, 127, 127, 0, 127, 184, 116, 0]
[0, 132, 129, 124, 0, 0, 0, 0, 127, 127, 0, 127, 234, 116, 0]
[0, 132, 129, 125, 0, 0, 0, 0, 127, 127, 0, 127, 28, 117, 0]
[0, 132, 129, 125, 0, 0, 0, 0, 127, 127, 0, 127, 78, 117, 0]
[0, 132, 129, 125, 0, 0, 0, 0, 127, 127, 0, 127, 128, 117, 0]
[0, 132, 129, 125, 0, 0, 0, 0, 127, 127, 0, 127, 178, 117, 0]
[0, 132, 129, 125, 0, 0, 0, 0, 127, 127, 0, 127, 228, 117, 0]
[0, 132, 129, 126, 0, 0, 0, 0, 127, 127, 0, 127, 22, 118, 0]
[0, 132, 129, 126, 0, 0, 0, 0, 127, 127, 0, 127, 72, 118, 0]
[0, 132, 129, 127, 0, 0, 0, 0, 127, 127, 0, 127, 122, 118, 0]
[0, 132, 129, 128, 0, 0, 0, 0, 127, 127, 0, 127, 172, 118, 0]
[0, 132, 129, 130, 0, 0, 0, 0, 127, 127, 0, 127, 222, 118, 0]
[0, 131, 130, 131, 0, 0, 0, 0, 127, 127, 0, 127, 16, 119, 0]
[0, 131, 130, 131, 0, 0, 0, 0, 127, 127, 0, 127, 66, 119, 0]
[0, 131, 131, 131, 0, 0, 0, 0, 127, 127, 0, 127, 116, 119, 0]
[0, 131, 131, 131, 0, 0, 0, 0, 127, 127, 0, 127, 166, 119, 0]
[0, 132, 130, 130, 0, 0, 0, 0, 127, 127, 0, 127, 216, 119, 0]
[0, 132, 130, 129, 0, 0, 0, 0, 127, 127, 0, 127, 10, 120, 0]
[0, 133, 129, 128, 0, 0, 0, 0, 127, 127, 0, 127, 60, 120, 0]
[0, 134, 129, 127, 0, 0, 0, 0, 127, 127, 0, 127, 110, 120, 0]
[0, 134, 128, 127, 0, 0, 0, 0, 127, 127, 0, 127, 160, 120, 0]
[0, 134, 128, 127, 0, 0, 0, 0, 127, 127, 0, 127, 210, 120, 0]
[0, 134, 129, 127, 0, 0, 0, 0, 127, 127, 0, 127, 4, 121, 0]
[0, 134, 129, 127, 0, 0, 0, 0, 127, 127, 0, 127, 54, 121, 0]
[0, 134, 129, 127, 0, 0, 0, 0, 127, 127, 0, 127, 104, 121, 0]
[0, 134, 128, 127, 0, 0, 0, 0, 127, 127, 0, 127, 154, 121, 0]
[0, 135, 126, 127, 0, 0, 0, 0, 127, 127, 0, 127, 204, 121, 0]
[0, 136, 124, 127, 0, 0, 0, 0, 127, 127, 0, 127, 254, 121, 0]
[0, 136, 123, 128, 0, 0, 0, 0, 127, 127, 0, 127, 48, 122, 0]
[0, 137, 121, 128, 0, 0, 0, 0, 127, 127, 0, 127, 98, 122, 0]
[0, 136, 121, 128, 0, 0, 0, 0, 127, 127, 0, 127, 148, 122, 0]
[0, 137, 120, 128, 0, 0, 0, 0, 127, 127, 0, 127, 198, 122, 0]
[0, 137, 119, 129, 0, 0, 0, 0, 127, 127, 0, 127, 248, 122, 0]
[0, 137, 118, 129, 0, 0, 0, 0, 127, 127, 0, 127, 42, 123, 0]
[0, 137, 117, 129, 0, 0, 0, 0, 127, 127, 0, 127, 92, 123, 0]
[0, 138, 116, 129, 0, 0, 0, 0, 127, 127, 0, 127, 142, 123, 0]
[1, 139, 115, 129, 0, 0, 0, 0, 127, 127, 0, 127, 192, 123, 0]
[1, 139, 114, 130, 0, 0, 0, 0, 127, 127, 0, 127, 242, 123, 0]
[1, 140, 113, 131, 0, 0, 0, 0, 127, 127, 0, 127, 36, 124, 0]
[1, 140, 112, 132, 0, 0, 0, 0, 127, 127, 0, 127, 86, 124, 0]
[1, 141, 111, 133, 0, 0, 0, 0, 127, 127, 0, 127, 136, 124, 0]
[2, 140, 109, 134, 0, 0, 0, 0, 127, 127, 0, 127, 186, 124, 0]
[2, 139, 108, 136, 0, 0, 0, 0, 127, 127, 0, 127, 236, 124, 0]
[2, 138, 107, 137, 0, 0, 0, 0, 127, 127, 0, 127, 30, 125, 0]
[2, 137, 107, 139, 0, 0, 0, 0, 127, 127, 0, 127, 80, 125, 0]
[2, 137, 108, 140, 0, 0, 0, 0, 127, 127, 0, 127, 130, 125, 0]
[2, 136, 108, 142, 0, 0, 0, 0, 127, 127, 0, 127, 180, 125, 0]
[2, 136, 108, 143, 0, 0, 0, 0, 127, 127, 0, 127, 230, 125, 0]
[2, 135, 108, 145, 0, 0, 0, 0, 127, 127, 0, 127, 24, 126, 0]
[3, 134, 108, 147, 0, 0, 0, 0, 127, 127, 0, 127, 74, 126, 0]
[3, 133, 109, 150, 0, 0, 0, 0, 127, 127, 0, 127, 124, 126, 0]
[3, 132, 110, 152, 0, 0, 0, 0, 127, 127, 0, 127, 174, 126, 0]
[3, 131, 111, 154, 0, 0, 0, 0, 127, 127, 0, 127, 224, 126, 0]
[4, 130, 112, 157, 0, 0, 0, 0, 127, 127, 0, 127, 18, 127, 0]
[5, 129, 113, 160, 0, 0, 0, 0, 127, 127, 0, 127, 68, 127, 0]
[5, 127, 114, 162, 0, 0, 0, 0, 127, 127, 0, 127, 118, 127, 0]
[6, 126, 115, 165, 0, 0, 0, 0, 127, 127, 0, 127, 168, 127, 0]
[6, 125, 116, 167, 0, 0, 0, 0, 127, 127, 0, 127, 218, 127, 0]
[7, 125, 117, 169, 0, 0, 0, 0, 127, 127, 0, 127, 12, 128, 0]
[8, 124, 118, 171, 0, 0, 0, 0, 127, 127, 0, 127, 62, 128, 0]
[8, 124, 120, 173, 0, 0, 0, 0, 127, 127, 0, 127, 112, 128, 0]
[9, 123, 121, 175, 0, 0, 0, 0, 127, 127, 0, 127, 162, 128, 0]
[10, 123, 123, 176, 0, 0, 0, 0, 127, 127, 0, 127, 212, 128, 0]
[244, 132, 129, 77, 0, 0, 0, 0, 127, 127, 0, 127, 6, 129, 0]
[244, 132, 126, 76, 0, 0, 0, 0, 127, 127, 0, 127, 56, 129, 0]
[243, 132, 124, 76, 0, 0, 0, 0, 127, 127, 0, 127, 106, 129, 0]
[243, 133, 121, 75, 0, 0, 0, 0, 127, 127, 0, 127, 156, 129, 0]
[243, 133, 119, 75, 0, 0, 0, 0, 127, 127, 0, 127, 206, 129, 0]
[243, 133, 116, 76, 0, 0, 0, 0, 127, 127, 0, 127, 0, 130, 0]
[243, 133, 114, 76, 0, 0, 0, 0, 127, 127, 0, 127, 50, 130, 0]
[243, 133, 112, 76, 0, 0, 0, 0, 127, 127, 0, 127, 100, 130, 0]
[243, 133, 110, 77, 0, 0, 0, 0, 127, 127, 0, 127, 150, 130, 0]
[243, 132, 109, 77, 0, 0, 0, 0, 127, 127, 0, 127, 200, 130, 0]
[243, 130, 108, 78, 0, 0, 0, 0, 127, 127, 0, 127, 250, 130, 0]
[243, 129, 109, 78, 0, 0, 0, 0, 127, 127, 0, 127, 44, 131, 0]
[244, 126, 110, 79, 0, 0, 0, 0, 127, 127, 0, 127, 94, 131, 0]
[244, 124, 112, 79, 0, 0, 0, 0, 127, 127, 0, 127, 144, 131, 0]
[245, 121, 114, 80, 0, 0, 0, 0, 127, 127, 0, 127, 194, 131, 0]
[245, 118, 116, 81, 0, 0, 0, 0, 127, 127, 0, 127, 244, 131, 0]
[9, 138, 134, 173, 0, 0, 0, 0, 127, 127, 0, 127, 38, 132, 0]
[9, 141, 130, 173, 0, 0, 0, 0, 127, 127, 0, 127, 88, 132, 0]
[9, 144, 126, 172, 0, 0, 0, 0, 127, 127, 0, 127, 138, 132, 0]
[9, 145, 121, 172, 0, 0, 0, 0, 127, 127, 0, 127, 188, 132, 0]
[10, 146, 117, 172, 0, 0, 0, 0, 127, 127, 0, 127, 238, 132, 0]
[10, 146, 113, 172, 0, 0, 0, 0, 127, 127, 0, 127, 32, 133, 0]
[10, 146, 110, 171, 0, 0, 0, 0, 127, 127, 0, 127, 82, 133, 0]
[11, 146, 107, 171, 0, 0, 0, 0, 127, 127, 0, 127, 132, 133, 0]
[11, 145, 104, 172, 0, 0, 0, 0, 127, 127, 0, 127, 182, 133, 0]
[12, 144, 101, 172, 0, 0, 0, 0, 127, 127, 0, 127, 232, 133, 0]
[12, 143, 99, 171, 0, 0, 0, 0, 127, 127, 0, 127, 26, 134, 0]
[12, 141, 97, 172, 0, 0, 0, 0, 127, 127, 0, 127, 76, 134, 0]
[12, 140, 97, 172, 0, 0, 0, 0, 127, 127, 0, 127, 126, 134, 0]
[12, 138, 96, 172, 0, 0, 0, 0, 127, 127, 0, 127, 176, 134, 0]
[12, 135, 97, 173, 0, 0, 0, 0, 127, 127, 0, 127, 226, 134, 0]
[12, 133, 97, 173, 0, 0, 0, 0, 127, 127, 0, 127, 20, 135, 0]
[12, 130, 98, 174, 0, 0, 0, 0, 127, 127, 0, 127, 70, 135, 0]
[12, 127, 98, 174, 0, 0, 0, 0, 127, 127, 0, 127, 120, 135, 0]
[12, 124, 100, 175, 0, 0, 0, 0, 127, 127, 0, 127, 170, 135, 0]
[12, 121, 102, 175, 0, 0, 0, 0, 127, 127, 0, 127, 220, 135, 0]
[12, 118, 104, 176, 0, 0, 0, 0, 127, 127, 0, 127, 14, 136, 0]
[12, 115, 107, 176, 0, 0, 0, 0, 127, 127, 0, 127, 64, 136, 0]
[12, 113, 110, 176, 0, 0, 0, 0, 127, 127, 0, 127, 114, 136, 0]
[243, 143, 141, 78, 0, 0, 0, 0, 127, 127, 0, 127, 164, 136, 0]
[243, 143, 138, 78, 0, 0, 0, 0, 127, 127, 0, 127, 214, 136, 0]
[244, 143, 134, 78, 0, 0, 0, 0, 127, 127, 0, 127, 8, 137, 0]
[244, 142, 132, 79, 0, 0, 0, 0, 127, 127, 0, 127, 58, 137, 0]
[245, 141, 130, 80, 0, 0, 0, 0, 127, 127, 0, 127, 108, 137, 0]
[246, 138, 129, 82, 0, 0, 0, 0, 127, 127, 0, 127, 158, 137, 0]
[246, 136, 128, 83, 0, 0, 0, 0, 127, 127, 0, 127, 208, 137, 0]
[247, 134, 128, 84, 0, 0, 0, 0, 127, 127, 0, 127, 2, 138, 0]
[247, 132, 128, 85, 0, 0, 0, 0, 127, 127, 0, 127, 52, 138, 0]
[247, 132, 129, 86, 0, 0, 0, 0, 127, 127, 0, 127, 102, 138, 0]
[248, 132, 129, 87, 0, 0, 0, 0, 127, 127, 0, 127, 152, 138, 0]
[248, 133, 127, 88, 0, 0, 0, 0, 127, 127, 0, 127, 202, 138, 0]
[248, 135, 126, 89, 0, 0, 0, 0, 127, 127, 0, 127, 252, 138, 0]
[249, 136, 124, 90, 0, 0, 0, 0, 127, 127, 0, 127, 46, 139, 0]
[249, 137, 124, 91, 0, 0, 0, 0, 127, 127, 0, 127, 96, 139, 0]
[249, 135, 124, 92, 0, 0, 0, 0, 127, 127, 0, 127, 146, 139, 0]
[250, 134, 124, 93, 0, 0, 0, 0, 127, 127, 0, 127, 196, 139, 0]
[250, 131, 126, 93, 0, 0, 0, 0, 127, 127, 0, 127, 246, 139, 0]
[250, 129, 127, 93, 0, 0, 0, 0, 127, 127, 0, 127, 40, 140, 0]
[4, 126, 126, 161, 0, 0, 0, 0, 127, 127, 0, 127, 90, 140, 0]
[4, 129, 125, 161, 0, 0, 0, 0, 127, 127, 0, 127, 140, 140, 0]
[4, 130, 125, 161, 0, 0, 0, 0, 127, 127, 0, 127, 190, 140, 0]
[4, 132, 124, 160, 0, 0, 0, 0, 127, 127, 0, 127, 240, 140, 0]
[4, 132, 124, 160, 0, 0, 0, 0, 127, 127, 0, 127, 34, 141, 0]
[4, 132, 124, 160, 0, 0, 0, 0, 127, 127, 0, 127, 84, 141, 0]
[4, 132, 124, 160, 0, 0, 0, 0, 127, 127, 0, 127, 134, 141, 0]
[4, 131, 124, 160, 0, 0, 0, 0, 127, 127, 0, 127, 184, 141, 0]
[4, 131, 124, 160, 0, 0, 0, 0, 127, 127, 0, 127, 234, 141, 0]
[4, 131, 124, 159, 0, 0, 0, 0, 127, 127, 0, 127, 28, 142, 0]
[4, 131, 124, 159, 0, 0, 0, 0, 127, 127, 0, 127, 78, 142, 0]
[4, 131, 124, 159, 0, 0, 0, 0, 127, 127, 0, 127, 128, 142, 0]
[4, 131, 124, 159, 0, 0, 0, 0, 127, 127, 0, 127, 178, 142, 0]
[4, 131, 124, 159, 0, 0, 0, 0, 127, 127, 0, 127, 228, 142, 0]
[4, 131, 125, 159, 0, 0, 0, 0, 127, 127, 0, 127, 22, 143, 0]
[4, 131, 125, 159, 0, 0, 0, 0, 127, 127, 0, 127, 72, 143, 0]
[4, 131, 125, 159, 0, 0, 0, 0, 127, 127, 0, 127, 122, 143, 0]
[4, 131, 126, 159, 0, 0, 0, 0, 127, 127, 0, 127, 172, 143, 0]
[4, 132, 127, 159, 0, 0, 0, 0, 127, 127, 0, 127, 222, 143, 0]
[4, 132, 128, 159, 0, 0, 0, 0, 127, 127, 0, 127, 16, 144, 0]
[4, 133, 130, 159, 0, 0, 0, 0, 127, 127, 0, 127, 66, 144, 0]
[4, 134, 132, 159, 0, 0, 0, 0, 127, 127, 0, 127, 116, 144, 0]
[250, 120, 120, 95, 0, 0, 0, 0, 127, 127, 0, 127, 166, 144, 0]
[250, 120, 117, 95, 0, 0, 0, 0, 127, 127, 0, 127, 216, 144, 0]
[249, 119, 115, 95, 0, 0, 0, 0, 127, 127, 0, 127, 10, 145, 0]
[249, 118, 112, 94, 0, 0, 0, 0, 127, 127, 0, 127, 60, 145, 0]
[249, 118, 109, 94, 0, 0, 0, 0, 127, 127, 0, 127, 110, 145, 0]
[248, 117, 107, 94, 0, 0, 0, 0, 127, 127, 0, 127, 160, 145, 0]
[248, 116, 105, 94, 0, 0, 0, 0, 127, 127, 0, 127, 210, 145, 0]
[247, 115, 103, 94, 0, 0, 0, 0, 127, 127, 0, 127, 4, 146, 0]
[247, 114, 102, 94, 0, 0, 0, 0, 127, 127, 0, 127, 54, 146, 0]
[247, 114, 103, 94, 0, 0, 0, 0, 127, 127, 0, 127, 104, 146, 0]
[248, 115, 105, 95, 0, 0, 0, 0, 127, 127, 0, 127, 154, 146, 0]
[248, 116, 108, 95, 0, 0, 0, 0, 127, 127, 0, 127, 204, 146, 0]
[249, 118, 111, 95, 0, 0, 0, 0, 127, 127, 0, 127, 254, 146, 0]
[250, 119, 117, 94, 0, 0, 0, 0, 127, 127, 0, 127, 48, 147, 0]
[4, 135, 131, 160, 0, 0, 0, 0, 127, 127, 0, 127, 98, 147, 0]
[4, 135, 127, 160, 0, 0, 0, 0, 127, 127, 0, 127, 148, 147, 0]
[4, 134, 124, 159, 0, 0, 0, 0, 127, 127, 0, 127, 198, 147, 0]
[4, 134, 122, 159, 0, 0, 0, 0, 127, 127, 0, 127, 248, 147, 0]
[4, 132, 120, 159, 0, 0, 0, 0, 127, 127, 0, 127, 42, 148, 0]
[4, 129, 116, 158, 0, 0, 0, 0, 127, 127, 0, 127, 92, 148, 0]
[4, 125, 111, 158, 0, 0, 0, 0, 127, 127, 0, 127, 142, 148, 0]
[5, 122, 106, 157, 0, 0, 0, 0, 127, 127, 0, 127, 192, 148, 0]
[6, 119, 102, 156, 0, 0, 0, 0, 127, 127, 0, 127, 242, 148, 0]
[7, 117, 98, 156, 0, 0, 0, 0, 127, 127, 0, 127, 36, 149, 0]
[7, 116, 95, 155, 0, 0, 0, 0, 127, 127, 0, 127, 86, 149, 0]
[7, 117, 95, 156, 0, 0, 0, 0, 127, 127, 0, 127, 136, 149, 0]
[7, 118, 98, 156, 0, 0, 0, 0, 127, 127, 0, 127, 186, 149, 0]
[6, 121, 103, 157, 0, 0, 0, 0, 127, 127, 0, 127, 236, 149, 0]
[4, 123, 110, 157, 0, 0, 0, 0, 127, 127, 0, 127, 30, 150, 0]
[4, 125, 118, 157, 0, 0, 0, 0, 127, 127, 0, 127, 80, 150, 0]
[3, 127, 124, 157, 0, 0, 0, 0, 127, 127, 0, 127, 130, 150, 0]
[3, 128, 128, 157, 0, 0, 0, 0, 127, 127, 0, 127, 180, 150, 0]
[3, 129, 129, 157, 0, 0, 0, 0, 127, 127, 0, 127, 230, 150, 0]
[3, 129, 128, 157, 0, 0, 0, 0, 127, 127, 0, 127, 24, 151, 0]
[3, 129, 128, 157, 0, 0, 0, 0, 127, 127, 0, 127, 74, 151, 0]
[3, 130, 128, 157, 0, 0, 0, 0, 127, 127, 0, 127, 124, 151, 0]
[3, 132, 129, 157, 0, 0, 0, 0, 127, 127, 0, 127, 174, 151, 0]
[3, 136, 128, 157, 0, 0, 0, 0, 127, 127, 0, 127, 224, 151, 0]
[4, 141, 128, 158, 0, 0, 0, 0, 127, 127, 0, 127, 18, 152, 0]
[5, 147, 126, 159, 0, 0, 0, 0, 127, 127, 0, 127, 68, 152, 0]
[7, 154, 124, 160, 0, 0, 0, 0, 127, 127, 0, 127, 118, 152, 0]
[8, 159, 121, 160, 0, 0, 0, 0, 127, 127, 0, 127, 168, 152, 0]
[9, 161, 119, 160, 0, 0, 0, 0, 127, 127, 0, 127, 218, 152, 0]
[9, 161, 118, 159, 0, 0, 0, 0, 127, 127, 0, 127, 12, 153, 0]
[8, 158, 117, 159, 0, 0, 0, 0, 127, 127, 0, 127, 62, 153, 0]
[7, 153, 117, 158, 0, 0, 0, 0, 127, 127, 0, 127, 112, 153, 0]
[5, 145, 118, 158, 0, 0, 0, 0, 127, 127, 0, 127, 162, 153, 0]
[4, 135, 120, 158, 0, 0, 0, 0, 127, 127, 0, 127, 212, 153, 0]
[3, 126, 123, 158, 0, 0, 0, 0, 127, 127, 0, 127, 6, 154, 0]
[250, 136, 129, 96, 0, 0, 0, 0, 127, 127, 0, 127, 56, 154, 0]
[249, 144, 127, 96, 0, 0, 0, 0, 127, 127, 0, 127, 106, 154, 0]
[248, 151, 125, 95, 0, 0, 0, 0, 127, 127, 0, 127, 156, 154, 0]
[247, 155, 123, 95, 0, 0, 0, 0, 127, 127, 0, 127, 206, 154, 0]
[247, 157, 120, 96, 0, 0, 0, 0, 127, 127, 0, 127, 0, 155, 0]
[247, 156, 118, 96, 0, 0, 0, 0, 127, 127, 0, 127, 50, 155, 0]
[248, 152, 117, 97, 0, 0, 0, 0, 127, 127, 0, 127, 100, 155, 0]
[249, 147, 118, 97, 0, 0, 0, 0, 127, 127, 0, 127, 150, 155, 0]
[250, 140, 119, 98, 0, 0, 0, 0, 127, 127, 0, 127, 200, 155, 0]
[251, 133, 122, 98, 0, 0, 0, 0, 127, 127, 0, 127, 250, 155, 0]
[251, 125, 125, 98, 0, 0, 0, 0, 127, 127, 0, 127, 44, 156, 0]
[3, 134, 126, 157, 0, 0, 0, 0, 127, 127, 0, 127, 94, 156, 0]
[3, 138, 125, 157, 0, 0, 0, 0, 127, 127, 0, 127, 144, 156, 0]
[4, 140, 125, 157, 0, 0, 0, 0, 127, 127, 0, 127, 194, 156, 0]
[4, 142, 125, 158, 0, 0, 0, 0, 127, 127, 0, 127, 244, 156, 0]
[5, 143, 123, 161, 0, 0, 0, 0, 127, 127, 0, 127, 38, 157, 0]
[6, 144, 118, 164, 0, 0, 0, 0, 127, 127, 0, 127, 88, 157, 0]
[8, 144, 112, 167, 0, 0, 0, 0, 127, 127, 0, 127, 138, 157, 0]
[9, 140, 106, 169, 0, 0, 0, 0, 127, 127, 0, 127, 188, 157, 0]
[10, 134, 102, 171, 0, 0, 0, 0, 127, 127, 0, 127, 238, 157, 0]
[11, 127, 100, 172, 0, 0, 0, 0, 127, 127, 0, 127, 32, 158, 0]
[11, 119, 101, 173, 0, 0, 0, 0, 127, 127, 0, 127, 82, 158, 0]
[12, 110, 103, 173, 0, 0, 0, 0, 127, 127, 0, 127, 132, 158, 0]
[242, 151, 147, 82, 0, 0, 0, 0, 127, 127, 0, 127, 182, 158, 0]
[242, 158, 143, 85, 0, 0, 0, 0, 127, 127, 0, 127, 232, 158, 0]
[243, 162, 139, 88, 0, 0, 0, 0, 127, 127, 0, 127, 26, 159, 0]
[243, 166, 133, 92, 0, 0, 0, 0, 127, 127, 0, 127, 76, 159, 0]
[244, 169, 127, 98, 0, 0, 0, 0, 127, 127, 0, 127, 126, 159, 0]
[245, 169, 120, 103, 0, 0, 0, 0, 127, 127, 0, 127, 176, 159, 0]
[245, 169, 113, 109, 0, 0, 0, 0, 127, 127, 0, 127, 226, 159, 0]
[245, 168, 105, 114, 0, 0, 0, 0, 127, 127, 0, 127, 20, 160, 0]
[245, 165, 99, 120, 0, 0, 0, 0, 127, 127, 0, 127, 70, 160, 0]
[245, 161, 92, 125, 0, 0, 0, 0, 127, 127, 0, 127, 120, 160, 0]
[245, 156, 87, 130, 0, 0, 0, 0, 127, 127, 0, 127, 170, 160, 0]
[244, 152, 84, 134, 0, 0, 0, 0, 127, 127, 0, 127, 220, 160, 0]
[244, 146, 82, 138, 0, 0, 0, 0, 127, 127, 0, 127, 14, 161, 0]
[244, 139, 81, 142, 0, 0, 0, 0, 127, 127, 0, 127, 64, 161, 0]
[245, 131, 82, 146, 0, 0, 0, 0, 127, 127, 0, 127, 114, 161, 0]
[245, 122, 84, 150, 0, 0, 0, 0, 127, 127, 0, 127, 164, 161, 0]
[244, 111, 87, 152, 0, 0, 0, 0, 127, 127, 0, 127, 214, 161, 0]
[244, 99, 93, 153, 0, 0, 0, 0, 127, 127, 0, 127, 8, 162, 0]
[11, 165, 153, 101, 0, 0, 0, 0, 127, 127, 0, 127, 58, 162, 0]
[12, 172, 147, 102, 0, 0, 0, 0, 127, 127, 0, 127, 108, 162, 0]
[13, 178, 140, 104, 0, 0, 0, 0, 127, 127, 0, 127, 158, 162, 0]
[14, 182, 132, 108, 0, 0, 0, 0, 127, 127, 0, 127, 208, 162, 0]
[14, 185, 124, 113, 0, 0, 0, 0, 127, 127, 0, 127, 2, 163, 0]
[15, 187, 115, 119, 0, 0, 0, 0, 127, 127, 0, 127, 52, 163, 0]
[17, 188, 106, 125, 0, 0, 0, 0, 127, 127, 0, 127, 102, 163, 0]
[18, 185, 97, 130, 0, 0, 0, 0, 127, 127, 0, 127, 152, 163, 0]
[20, 183, 87, 136, 0, 0, 0, 0, 127, 127, 0, 127, 202, 163, 0]
[22, 178, 77, 139, 0, 0, 0, 0, 127, 127, 0, 127, 252, 163, 0]
[23, 171, 69, 141, 0, 0, 0, 0, 127, 127, 0, 127, 46, 164, 0]
[25, 164, 63, 144, 0, 0, 0, 0, 127, 127, 0, 127, 96, 164, 0]
[24, 155, 60, 147, 0, 0, 0, 0, 127, 127, 0, 127, 146, 164, 0]
[24, 145, 59, 150, 0, 0, 0, 0, 127, 127, 0, 127, 196, 164, 0]
[23, 135, 59, 154, 0, 0, 0, 0, 127, 127, 0, 127, 246, 164, 0]
[22, 124, 62, 159, 0, 0, 0, 0, 127, 127, 0, 127, 40, 165, 0]
[21, 113, 68, 163, 0, 0, 0, 0, 127, 127, 0, 127, 90, 165, 0]
[20, 104, 75, 168, 0, 0, 0, 0, 127, 127, 0, 127, 140, 165, 0]
[20, 96, 85, 172, 0, 0, 0, 0, 127, 127, 0, 127, 190, 165, 0]
[234, 165, 160, 79, 0, 0, 0, 0, 127, 127, 0, 127, 240, 165, 0]
[233, 172, 151, 78, 0, 0, 0, 0, 127, 127, 0, 127, 34, 166, 0]
[233, 176, 145, 80, 0, 0, 0, 0, 127, 127, 0, 127, 84, 166, 0]
[234, 179, 140, 82, 0, 0, 0, 0, 127, 127, 0, 127, 134, 166, 0]
[235, 180, 134, 86, 0, 0, 0, 0, 127, 127, 0, 127, 184, 166, 0]
[237, 181, 127, 90, 0, 0, 0, 0, 127, 127, 0, 127, 234, 166, 0]
[238, 180, 120, 95, 0, 0, 0, 0, 127, 127, 0, 127, 28, 167, 0]
[240, 178, 113, 102, 0, 0, 0, 0, 127, 127, 0, 127, 78, 167, 0]
[241, 176, 105, 109, 0, 0, 0, 0, 127, 127, 0, 127, 128, 167, 0]
[242, 173, 98, 117, 0, 0, 0, 0, 127, 127, 0, 127, 178, 167, 0]
[243, 168, 94, 123, 0, 0, 0, 0, 127, 127, 0, 127, 228, 167, 0]
[244, 162, 92, 129, 0, 0, 0, 0, 127, 127, 0, 127, 22, 168, 0]
[245, 155, 90, 134, 0, 0, 0, 0, 127, 127, 0, 127, 72, 168, 0]
[247, 147, 90, 137, 0, 0, 0, 0, 127, 127, 0, 127, 122, 168, 0]
[249, 139, 93, 139, 0, 0, 0, 0, 127, 127, 0, 127, 172, 168, 0]
[250, 130, 97, 139, 0, 0, 0, 0, 127, 127, 0, 127, 222, 168, 0]
[252, 123, 103, 138, 0, 0, 0, 0, 127, 127, 0, 127, 16, 169, 0]
[252, 116, 109, 137, 0, 0, 0, 0, 127, 127, 0, 127, 66, 169, 0]
[1, 144, 137, 119, 0, 0, 0, 0, 127, 127, 0, 127, 116, 169, 0]
[2, 149, 130, 121, 0, 0, 0, 0, 127, 127, 0, 127, 166, 169, 0]
[2, 152, 123, 123, 0, 0, 0, 0, 127, 127, 0, 127, 216, 169, 0]
[3, 154, 119, 126, 0, 0, 0, 0, 127, 127, 0, 127, 10, 170, 0]
[2, 152, 115, 128, 0, 0, 0, 0, 127, 127, 0, 127, 60, 170, 0]
[2, 148, 114, 130, 0, 0, 0, 0, 127, 127, 0, 127, 110, 170, 0]
[1, 145, 114, 133, 0, 0, 0, 0, 127, 127, 0, 127, 160, 170, 0]
[1, 140, 116, 135, 0, 0, 0, 0, 127, 127, 0, 127, 210, 170, 0]
[1, 136, 117, 137, 0, 0, 0, 0, 127, 127, 0, 127, 4, 171, 0]
[0, 133, 119, 139, 0, 0, 0, 0, 127, 127, 0, 127, 54, 171, 0]
[0, 130, 120, 141, 0, 0, 0, 0, 127, 127, 0, 127, 104, 171, 0]
[1, 128, 120, 142, 0, 0, 0, 0, 127, 127, 0, 127, 154, 171, 0]
[1, 127, 120, 142, 0, 0, 0, 0, 127, 127, 0, 127, 204, 171, 0]
[1, 126, 121, 142, 0, 0, 0, 0, 127, 127, 0, 127, 254, 171, 0]
[1, 126, 121, 142, 0, 0, 0, 0, 127, 127, 0, 127, 48, 172, 0]
[0, 126, 122, 142, 0, 0, 0, 0, 127, 127, 0, 127, 98, 172, 0]
[0, 126, 122, 142, 0, 0, 0, 0, 127, 127, 0, 127, 148, 172, 0]
[0, 127, 123, 141, 0, 0, 0, 0, 127, 127, 0, 127, 198, 172, 0]
[0, 127, 123, 141, 0, 0, 0, 0, 127, 127, 0, 127, 248, 172, 0]
[0, 127, 123, 141, 0, 0, 0, 0, 127, 127, 0, 127, 42, 173, 0]
[0, 127, 124, 141, 0, 0, 0, 0, 127, 127, 0, 127, 92, 173, 0]
[0, 127, 124, 140, 0, 0, 0, 0, 127, 127, 0, 127, 142, 173, 0]
[0, 127, 124, 140, 0, 0, 0, 0, 127, 127, 0, 127, 192, 173, 0]
[0, 127, 124, 140, 0, 0, 0, 0, 127, 127, 0, 127, 242, 173, 0]
[0, 127, 124, 140, 0, 0, 0, 0, 127, 127, 0, 127, 36, 174, 0]
[0, 127, 124, 140, 0, 0, 0, 0, 127, 127, 0, 127, 86, 174, 0]
[0, 127, 124, 140, 0, 0, 0, 0, 127, 127, 0, 127, 136, 174, 0]
[0, 127, 124, 140, 0, 0, 0, 0, 127, 127, 0, 127, 186, 174, 0]
[0, 127, 124, 140, 0, 0, 0, 0, 127, 127, 0, 127, 236, 174, 0]
[0, 127, 125, 139, 0, 0, 0, 0, 127, 127, 0, 127, 30, 175, 0]
[0, 127, 125, 139, 0, 0, 0, 0, 127, 127, 0, 127, 80, 175, 0]
[0, 127, 124, 139, 0, 0, 0, 0, 127, 127, 0, 127, 130, 175, 0]
[0, 128, 125, 139, 0, 0, 0, 0, 127, 127, 0, 127, 180, 175, 0]
[0, 127, 125, 139, 0, 0, 0, 0, 127, 127, 0, 127, 230, 175, 0]
[0, 127, 125, 139, 0, 0, 0, 0, 127, 127, 0, 127, 24, 176, 0]
[0, 127, 125, 139, 0, 0, 0, 0, 127, 127, 0, 127, 74, 176, 0]
[0, 127, 124, 139, 0, 0, 0, 0, 127, 127, 0, 127, 124, 176, 0]
[0, 127, 125, 139, 0, 0, 0, 0, 127, 127, 0, 127, 174, 176, 0]
[0, 127, 125, 139, 0, 0, 0, 0, 127, 127, 0, 127, 224, 176, 0]
[0, 127, 125, 139, 0, 0, 0, 0, 127, 127, 0, 127, 18, 177, 0]
[0, 127, 125, 139, 0, 0, 0, 0, 127, 127, 0, 127, 68, 177, 0]
[0, 127, 125, 139, 0, 0, 0, 0, 127, 127, 0, 127, 118, 177, 0]
[0, 127, 125, 139, 0, 0, 0, 0, 127, 127, 0, 127, 168, 177, 0]
[0, 127, 125, 139, 0, 0, 0, 0, 127, 127, 0, 127, 218, 177, 0]
[0, 127, 125, 140, 0, 0, 0, 0, 127, 127, 0, 127, 12, 178, 0]
[0, 127, 125, 140, 0, 0, 0, 0, 127, 127, 0, 127, 62, 178, 0]
[0, 127, 125, 141, 0, 0, 0, 0, 127, 127, 0, 127, 112, 178, 0]
[0, 127, 125, 142, 0, 0, 0, 0, 127, 127, 0, 127, 162, 178, 0]
[0, 127, 125, 143, 0, 0, 0, 0, 127, 127, 0, 127, 212, 178, 0]
[1, 126, 125, 143, 0, 0, 0, 0, 127, 127, 0, 127, 6, 179, 0]
[1, 125, 125, 144, 0, 0, 0, 0, 127, 127, 0, 127, 56, 179, 0]
[1, 125, 124, 144, 0, 0, 0, 0, 127, 127, 0, 127, 106, 179, 0]
[1, 125, 124, 145, 0, 0, 0, 0, 127, 127, 0, 127, 156, 179, 0]
[253, 129, 129, 109, 0, 0, 0, 0, 127, 127, 0, 127, 206, 179, 0]
[253, 130, 129, 109, 0, 0, 0, 0, 127, 127, 0, 127, 0, 180, 0]
[253, 130, 128, 110, 0, 0, 0, 0, 127, 127, 0, 127, 50, 180, 0]
[253, 129, 128, 110, 0, 0, 0, 0, 127, 127, 0, 127, 100, 180, 0]
[1, 126, 126, 143, 0, 0, 0, 0, 127, 127, 0, 127, 150, 180, 0]
[0, 127, 126, 143, 0, 0, 0, 0, 127, 127, 0, 127, 200, 180, 0]
[0, 127, 126, 142, 0, 0, 0, 0, 127, 127, 0, 127, 250, 180, 0]
[0, 128, 126, 142, 0, 0, 0, 0, 127, 127, 0, 127, 44, 181, 0]
[0, 128, 126, 142, 0, 0, 0, 0, 127, 127, 0, 127, 94, 181, 0]
[0, 129, 126, 141, 0, 0, 0, 0, 127, 127, 0, 127, 144, 181, 0]
[0, 129, 126, 141, 0, 0, 0, 0, 127, 127, 0, 127, 194, 181, 0]
[0, 129, 126, 141, 0, 0, 0, 0, 127, 127, 0, 127, 244, 181, 0]
[0, 128, 127, 142, 0, 0, 0, 0, 127, 127, 0, 127, 38, 182, 0]
[0, 128, 126, 142, 0, 0, 0, 0, 127, 127, 0, 127, 88, 182, 0]
[0, 128, 126, 142, 0, 0, 0, 0, 127, 127, 0, 127, 138, 182, 0]
[0, 128, 126, 142, 0, 0, 0, 0, 127, 127, 0, 127, 188, 182, 0]
[0, 128, 126, 142, 0, 0, 0, 0, 127, 127, 0, 127, 238, 182, 0]
[0, 128, 127, 142, 0, 0, 0, 0, 127, 127, 0, 127, 32, 183, 0]
[0, 128, 127, 143, 0, 0, 0, 0, 127, 127, 0, 127, 82, 183, 0]
[0, 128, 127, 143, 0, 0, 0, 0, 127, 127, 0, 127, 132, 183, 0]
[0, 128, 127, 143, 0, 0, 0, 0, 127, 127, 0, 127, 182, 183, 0]
[0, 128, 127, 143, 0, 0, 0, 0, 127, 127, 0, 127, 232, 183, 0]
[0, 127, 127, 142, 0, 0, 0, 0, 127, 127, 0, 127, 26, 184, 0]
[0, 127, 127, 141, 0, 0, 0, 0, 127, 127, 0, 127, 76, 184, 0]
[0, 127, 127, 140, 0, 0, 0, 0, 127, 127, 0, 127, 126, 184, 0]
[0, 128, 128, 139, 0, 0, 0, 0, 127, 127, 0, 127, 176, 184, 0]
[254, 126, 126, 116, 0, 0, 0, 0, 127, 127, 0, 127, 226, 184, 0]
[254, 126, 125, 117, 0, 0, 0, 0, 127, 127, 0, 127, 20, 185, 0]
[254, 127, 124, 118, 0, 0, 0, 0, 127, 127, 0, 127, 70, 185, 0]
[254, 126, 124, 119, 0, 0, 0, 0, 127, 127, 0, 127, 120, 185, 0]
[254, 126, 125, 120, 0, 0, 0, 0, 127, 127, 0, 127, 170, 185, 0]
[254, 126, 125, 121, 0, 0, 0, 0, 127, 127, 0, 127, 220, 185, 0]
[254, 126, 125, 122, 0, 0, 0, 0, 127, 127, 0, 127, 14, 186, 0]
[254, 126, 124, 122, 0, 0, 0, 0, 127, 127, 0, 127, 64, 186, 0]
[254, 126, 124, 123, 0, 0, 0, 0, 127, 127, 0, 127, 114, 186, 0]
[254, 126, 124, 124, 0, 0, 0, 0, 127, 127, 0, 127, 164, 186, 0]
[254, 125, 124, 124, 0, 0, 0, 0, 127, 127, 0, 127, 214, 186, 0]
[0, 129, 129, 129, 0, 0, 0, 0, 127, 127, 0, 127, 8, 187, 0]
[0, 130, 129, 128, 0, 0, 0, 0, 127, 127, 0, 127, 58, 187, 0]
[0, 131, 129, 127, 0, 0, 0, 0, 127, 127, 0, 127, 108, 187, 0]
[0, 131, 130, 126, 0, 0, 0, 0, 127, 127, 0, 127, 158, 187, 0]
[0, 130, 130, 126, 0, 0, 0, 0, 127, 127, 0, 127, 208, 187, 0]
[0, 130, 129, 126, 0, 0, 0, 0, 127, 127, 0, 127, 2, 188, 0]
[0, 130, 129, 126, 0, 0, 0, 0, 127, 127, 0, 127, 52, 188, 0]
[0, 129, 129, 127, 0, 0, 0, 0, 127, 127, 0, 127, 102, 188, 0]
[254, 125, 125, 127, 0, 0, 0, 0, 127, 127, 0, 127, 152, 188, 0]
[254, 126, 124, 127, 0, 0, 0, 0, 127, 127, 0, 127, 202, 188, 0]
[254, 125, 124, 126, 0, 0, 0, 0, 127, 127, 0, 127, 252, 188, 0]
[254, 125, 125, 126, 0, 0, 0, 0, 127, 127, 0, 127, 46, 189, 0]
[0, 129, 129, 129, 0, 0, 0, 0, 127, 127, 0, 127, 96, 189, 0]
[0, 129, 129, 129, 0, 0, 0, 0, 127, 127, 0, 127, 146, 189, 0]
[0, 129, 129, 130, 0, 0, 0, 0, 127, 127, 0, 127, 196, 189, 0]
[254, 125, 125, 124, 0, 0, 0, 0, 127, 127, 0, 127, 246, 189, 0]
[254, 125, 125, 123, 0, 0, 0, 0, 127, 127, 0, 127, 40, 190, 0]
[254, 125, 125, 122, 0, 0, 0, 0, 127, 127, 0, 127, 90, 190, 0]
[254, 125, 125, 122, 0, 0, 0, 0, 127, 127, 0, 127, 140, 190, 0]
[254, 125, 125, 121, 0, 0, 0, 0, 127, 127, 0, 127, 190, 190, 0]
[254, 126, 125, 121, 0, 0, 0, 0, 127, 127, 0, 127, 240, 190, 0]
[254, 126, 125, 121, 0, 0, 0, 0, 127, 127, 0, 127, 34, 191, 0]
[254, 126, 124, 120, 0, 0, 0, 0, 127, 127, 0, 127, 84, 191, 0]
[254, 126, 124, 120, 0, 0, 0, 0, 127, 127, 0, 127, 134, 191, 0]
[254, 126, 124, 119, 0, 0, 0, 0, 127, 127, 0, 127, 184, 191, 0]
[254, 126, 124, 119, 0, 0, 0, 0, 127, 127, 0, 127, 234, 191, 0]
[254, 126, 124, 119, 0, 0, 0, 0, 127, 127, 0, 127, 28, 192, 0]
[254, 126, 124, 118, 0, 0, 0, 0, 127, 127, 0, 127, 78, 192, 0]
[254, 126, 124, 118, 0, 0, 0, 0, 127, 127, 0, 127, 128, 192, 0]
[254, 126, 124, 118, 0, 0, 0, 0, 127, 127, 0, 127, 178, 192, 0]
[254, 126, 124, 117, 0, 0, 0, 0, 127, 127, 0, 127, 228, 192, 0]
[254, 126, 124, 117, 0, 0, 0, 0, 127, 127, 0, 127, 22, 193, 0]
[254, 126, 124, 116, 0, 0, 0, 0, 127, 127, 0, 127, 72, 193, 0]
[254, 126, 124, 116, 0, 0, 0, 0, 127, 127, 0, 127, 122, 193, 0]
[254, 126, 124, 116, 0, 0, 0, 0, 127, 127, 0, 127, 172, 193, 0]
[254, 126, 124, 115, 0, 0, 0, 0, 127, 127, 0, 127, 222, 193, 0]
[254, 126, 124, 115, 0, 0, 0, 0, 127, 127, 0, 127, 16, 194, 0]
[254, 126, 124, 114, 0, 0, 0, 0, 127, 127, 0, 127, 66, 194, 0]
[254, 126, 124, 114, 0, 0, 0, 0, 127, 127, 0, 127, 116, 194, 0]
[254, 126, 124, 114, 0, 0, 0, 0, 127, 127, 0, 127, 166, 194, 0]
[254, 126, 124, 113, 0, 0, 0, 0, 127, 127, 0, 127, 216, 194, 0]
[254, 125, 124, 113, 0, 0, 0, 0, 127, 127, 0, 127, 10, 195, 0]
[254, 125, 125, 112, 0, 0, 0, 0, 127, 127, 0, 127, 60, 195, 0]
[0, 129, 129, 143, 0, 0, 0, 0, 127, 127, 0, 127, 110, 195, 0]
[1, 129, 128, 144, 0, 0, 0, 0, 127, 127, 0, 127, 160, 195, 0]
[1, 129, 128, 145, 0, 0, 0, 0, 127, 127, 0, 127, 210, 195, 0]
[1, 130, 128, 146, 0, 0, 0, 0, 127, 127, 0, 127, 4, 196, 0]
[1, 131, 127, 148, 0, 0, 0, 0, 127, 127, 0, 127, 54, 196, 0]
[2, 132, 127, 149, 0, 0, 0, 0, 127, 127, 0, 127, 104, 196, 0]
[2, 131, 127, 151, 0, 0, 0, 0, 127, 127, 0, 127, 154, 196, 0]
[2, 131, 126, 151, 0, 0, 0, 0, 127, 127, 0, 127, 204, 196, 0]
[2, 131, 124, 151, 0, 0, 0, 0, 127, 127, 0, 127, 254, 196, 0]
[2, 130, 123, 150, 0, 0, 0, 0, 127, 127, 0, 127, 48, 197, 0]
[2, 130, 123, 149, 0, 0, 0, 0, 127, 127, 0, 127, 98, 197, 0]
[1, 129, 124, 149, 0, 0, 0, 0, 127, 127, 0, 127, 148, 197, 0]
[2, 128, 127, 149, 0, 0, 0, 0, 127, 127, 0, 127, 198, 197, 0]
[252, 129, 125, 104, 0, 0, 0, 0, 127, 127, 0, 127, 248, 197, 0]
[252, 130, 124, 103, 0, 0, 0, 0, 127, 127, 0, 127, 42, 198, 0]
[252, 131, 122, 103, 0, 0, 0, 0, 127, 127, 0, 127, 92, 198, 0]
[252, 132, 120, 103, 0, 0, 0, 0, 127, 127, 0, 127, 142, 198, 0]
[252, 132, 120, 103, 0, 0, 0, 0, 127, 127, 0, 127, 192, 198, 0]
[252, 132, 120, 103, 0, 0, 0, 0, 127, 127, 0, 127, 242, 198, 0]
[252, 133, 120, 102, 0, 0, 0, 0, 127, 127, 0, 127, 36, 199, 0]
[252, 133, 120, 103, 0, 0, 0, 0, 127, 127, 0, 127, 86, 199, 0]
[252, 133, 121, 103, 0, 0, 0, 0, 127, 127, 0, 127, 136, 199, 0]
[252, 133, 122, 103, 0, 0, 0, 0, 127, 127, 0, 127, 186, 199, 0]
[252, 133, 122, 104, 0, 0, 0, 0, 127, 127, 0, 127, 236, 199, 0]
[252, 132, 123, 104, 0, 0, 0, 0, 127, 127, 0, 127, 30, 200, 0]
[252, 130, 123, 105, 0, 0, 0, 0, 127, 127, 0, 127, 80, 200, 0]
[252, 128, 124, 104, 0, 0, 0, 0, 127, 127, 0, 127, 130, 200, 0]
[252, 128, 124, 104, 0, 0, 0, 0, 127, 127, 0, 127, 180, 200, 0]
[252, 127, 124, 103, 0, 0, 0, 0, 127, 127, 0, 127, 230, 200, 0]
[252, 126, 124, 102, 0, 0, 0, 0, 127, 127, 0, 127, 24, 201, 0]
[252, 126, 125, 101, 0, 0, 0, 0, 127, 127, 0, 127, 124, 201, 0]
[252, 127, 126, 100, 0, 0, 0, 0, 127, 127, 0, 127, 174, 201, 0]
[252, 128, 125, 100, 0, 0, 0, 0, 127, 127, 0, 127, 224, 201, 0]
[252, 128, 126, 100, 0, 0, 0, 0, 127, 127, 0, 127, 18, 202, 0]
[252, 128, 126, 100, 0, 0, 0, 0, 127, 127, 0, 127, 68, 202, 0]
[252, 128, 126, 100, 0, 0, 0, 0, 127, 127, 0, 127, 118, 202, 0]
[252, 128, 126, 100, 0, 0, 0, 0, 127, 127, 0, 127, 168, 202, 0]
[252, 128, 126, 100, 0, 0, 0, 0, 127, 127, 0, 127, 218, 202, 0]
[252, 127, 126, 100, 0, 0, 0, 0, 127, 127, 0, 127, 12, 203, 0]
[252, 128, 126, 100, 0, 0, 0, 0, 127, 127, 0, 127, 62, 203, 0]
[252, 128, 126, 100, 0, 0, 0, 0, 127, 127, 0, 127, 112, 203, 0]
[252, 128, 126, 100, 0, 0, 0, 0, 127, 127, 0, 127, 162, 203, 0]
[252, 128, 126, 100, 0, 0, 0, 0, 127, 127, 0, 127, 212, 203, 0]
[252, 128, 126, 100, 0, 0, 0, 0, 127, 127, 0, 127, 6, 204, 0]
[252, 128, 126, 100, 0, 0, 0, 0, 127, 127, 0, 127, 56, 204, 0]
[252, 128, 126, 100, 0, 0, 0, 0, 127, 127, 0, 127, 106, 204, 0]
[252, 128, 126, 100, 0, 0, 0, 0, 127, 127, 0, 127, 156, 204, 0]
[252, 128, 127, 100, 0, 0, 0, 0, 127, 127, 0, 127, 206, 204, 0]
[252, 128, 126, 100, 0, 0, 0, 0, 127, 127, 0, 127, 0, 205, 0]
[252, 128, 126, 100, 0, 0, 0, 0, 127, 127, 0, 127, 50, 205, 0]
[252, 128, 127, 100, 0, 0, 0, 0, 127, 127, 0, 127, 100, 205, 0]
[252, 128, 127, 100, 0, 0, 0, 0, 127, 127, 0, 127, 150, 205, 0]
[252, 128, 127, 100, 0, 0, 0, 0, 127, 127, 0, 127, 200, 205, 0]
[252, 128, 127, 100, 0, 0, 0, 0, 127, 127, 0, 127, 250, 205, 0]
[252, 128, 127, 100, 0, 0, 0, 0, 127, 127, 0, 127, 44, 206, 0]
[252, 128, 127, 100, 0, 0, 0, 0, 127, 127, 0, 127, 94, 206, 0]
[252, 128, 127, 100, 0, 0, 0, 0, 127, 127, 0, 127, 144, 206, 0]
[252, 128, 127, 100, 0, 0, 0, 0, 127, 127, 0, 127, 194, 206, 0]
[252, 128, 127, 100, 0, 0, 0, 0, 127, 127, 0, 127, 244, 206, 0]
[252, 128, 127, 100, 0, 0, 0, 0, 127, 127, 0, 127, 38, 207, 0]
[252, 128, 127, 100, 0, 0, 0, 0, 127, 127, 0, 127, 88, 207, 0]
[251, 128, 127, 100, 0, 0, 0, 0, 127, 127, 0, 127, 138, 207, 0]
[252, 128, 127, 100, 0, 0, 0, 0, 127, 127, 0, 127, 188, 207, 0]
[252, 128, 127, 100, 0, 0, 0, 0, 127, 127, 0, 127, 238, 207, 0]
[252, 128, 127, 100, 0, 0, 0, 0, 127, 127, 0, 127, 32, 208, 0]
[252, 128, 127, 100, 0, 0, 0, 0, 127, 127, 0, 127, 82, 208, 0]
[252, 128, 127, 100, 0, 0, 0, 0, 127, 127, 0, 127, 132, 208, 0]
[252, 128, 127, 100, 0, 0, 0, 0, 127, 127, 0, 127, 182, 208, 0]
[252, 128, 127, 100, 0, 0, 0, 0, 127, 127, 0, 127, 232, 208, 0]
[252, 128, 127, 100, 0, 0, 0, 0, 127, 127, 0, 127, 26, 209, 0]
[252, 128, 127, 100, 0, 0, 0, 0, 127, 127, 0, 127, 76, 209, 0]
[252, 128, 127, 100, 0, 0, 0, 0, 127, 127, 0, 127, 126, 209, 0]
[252, 128, 127, 100, 0, 0, 0, 0, 127, 127, 0, 127, 176, 209, 0]
[252, 128, 127, 100, 0, 0, 0, 0, 127, 127, 0, 127, 226, 209, 0]
[252, 128, 127, 100, 0, 0, 0, 0, 127, 127, 0, 127, 20, 210, 0]
[252, 128, 127, 100, 0, 0, 0, 0, 127, 127, 0, 127, 70, 210, 0]
[252, 128, 127, 100, 0, 0, 0, 0, 127, 127, 0, 127, 120, 210, 0]
[252, 128, 127, 100, 0, 0, 0, 0, 127, 127, 0, 127, 170, 210, 0]
[252, 128, 127, 100, 0, 0, 0, 0, 127, 127, 0, 127, 220, 210, 0]
[252, 128, 127, 100, 0, 0, 0, 0, 127, 127, 0, 127, 14, 211, 0]
[252, 128, 127, 100, 0, 0, 0, 0, 127, 127, 0, 127, 64, 211, 0]
[252, 128, 127, 100, 0, 0, 0, 0, 127, 127, 0, 127, 114, 211, 0]
[252, 128, 127, 100, 0, 0, 0, 0, 127, 127, 0, 127, 164, 211, 0]
[252, 128, 127, 100, 0, 0, 0, 0, 127, 127, 0, 127, 214, 211, 0]
[252, 128, 127, 100, 0, 0, 0, 0, 127, 127, 0, 127, 8, 212, 0]
[252, 128, 127, 100, 0, 0, 0, 0, 127, 127, 0, 127, 58, 212, 0]
[252, 128, 127, 100, 0, 0, 0, 0, 127, 127, 0, 127, 108, 212, 0]
[252, 128, 127, 100, 0, 0, 0, 0, 127, 127, 0, 127, 158, 212, 0]
[252, 128, 127, 100, 0, 0, 0, 0, 127, 127, 0, 127, 208, 212, 0]
[252, 128, 127, 100, 0, 0, 0, 0, 127, 127, 0, 127, 2, 213, 0]
[252, 128, 127, 100, 0, 0, 0, 0, 127, 127, 0, 127, 52, 213, 0]
[252, 128, 127, 100, 0, 0, 0, 0, 127, 127, 0, 127, 102, 213, 0]
[252, 128, 127, 100, 0, 0, 0, 0, 127, 127, 0, 127, 152, 213, 0]
[252, 128, 127, 100, 0, 0, 0, 0, 127, 127, 0, 127, 202, 213, 0]
[252, 128, 127, 100, 0, 0, 0, 0, 127, 127, 0, 127, 252, 213, 0]
[252, 128, 127, 100, 0, 0, 0, 0, 127, 127, 0, 127, 46, 214, 0]
[252, 128, 127, 100, 0, 0, 0, 0, 127, 127, 0, 127, 96, 214, 0]
[252, 128, 127, 100, 0, 0, 0, 0, 127, 127, 0, 127, 146, 214, 0]
[252, 128, 127, 101, 0, 0, 0, 0, 127, 127, 0, 127, 196, 214, 0]
[252, 128, 127, 101, 0, 0, 0, 0, 127, 127, 0, 127, 246, 214, 0]
[252, 128, 127, 101, 0, 0, 0, 0, 127, 127, 0, 127, 40, 215, 0]
[252, 128, 127, 101, 0, 0, 0, 0, 127, 127, 0, 127, 90, 215, 0]
[252, 128, 127, 101, 0, 0, 0, 0, 127, 127, 0, 127, 140, 215, 0]
[252, 128, 127, 101, 0, 0, 0, 0, 127, 127, 0, 127, 190, 215, 0]
[252, 128, 127, 101, 0, 0, 0, 0, 127, 127, 0, 127, 240, 215, 0]
[252, 128, 127, 101, 0, 0, 0, 0, 127, 127, 0, 127, 34, 216, 0]
[252, 128, 127, 101, 0, 0, 0, 0, 127, 127, 0, 127, 84, 216, 0]
